0 0.301758 0.428711 0.070312 0.128906
0 0.886719 0.472656 0.048828 0.121094
2 0.621582 0.425293 0.065430 0.108398
2 0.496582 0.351074 0.051758 0.104492
2 0.345215 0.289551 0.053711 0.092773
2 0.430664 0.270996 0.037109 0.083008
2 0.384277 0.637695 0.098633 0.191406
2 0.577148 0.581055 0.066406 0.167969
2 0.706055 0.674316 0.070312 0.180664
2 0.827637 0.607910 0.053711 0.163086
2 0.777344 0.486328 0.052734 0.125000
2 0.722168 0.448730 0.051758 0.139648
2 0.806641 0.345703 0.046875 0.091797
2 0.863770 0.387695 0.047852 0.099609
2 0.683105 0.259277 0.036133 0.065430
2 0.608887 0.259766 0.034180 0.082031
0 0.856445 0.278320 0.037109 0.078125
2 0.940918 0.276367 0.026367 0.068359
