4 0.273926 0.400879 0.065430 0.159180
0 0.941895 0.398926 0.061523 0.079102
0 0.936523 0.715332 0.082031 0.125977
2 0.842285 0.562988 0.059570 0.170898
2 0.725586 0.471191 0.058594 0.163086
2 0.615723 0.387207 0.063477 0.137695
2 0.371582 0.484863 0.073242 0.172852
2 0.249512 0.591309 0.100586 0.190430
2 0.512695 0.689941 0.083984 0.192383
2 0.799316 0.359863 0.051758 0.114258
2 0.555176 0.324707 0.043945 0.122070
2 0.491211 0.280273 0.037109 0.107422
2 0.785645 0.273926 0.040039 0.075195
3 0.103027 0.383789 0.202148 0.324219
