2 0.201660 0.598633 0.108398 0.138672
0 0.562012 0.450195 0.036133 0.072266
2 0.315430 0.480469 0.074219 0.095703
2 0.387207 0.434082 0.043945 0.067383
2 0.482910 0.435547 0.030273 0.066406
2 0.583008 0.525391 0.044922 0.097656
2 0.609375 0.424805 0.027344 0.060547
2 0.652344 0.408203 0.019531 0.052734
1 0.761719 0.412109 0.062500 0.050781
1 0.904785 0.473145 0.073242 0.071289
1 0.970703 0.448242 0.058594 0.052734
1 0.809570 0.355469 0.021484 0.019531
1 0.745605 0.360840 0.030273 0.028320
2 0.228516 0.357910 0.046875 0.055664
1 0.204102 0.337891 0.121094 0.052734
