0 0.459961 0.302246 0.029297 0.088867
0 0.460938 0.512695 0.050781 0.123047
0 0.739258 0.729004 0.064453 0.100586
2 0.666992 0.432129 0.048828 0.106445
0 0.805176 0.369141 0.032227 0.083984
2 0.312012 0.425781 0.063477 0.123047
1 0.161133 0.400879 0.181641 0.141602
2 0.502930 0.319336 0.041016 0.087891
2 0.666504 0.336426 0.036133 0.075195
2 0.631836 0.304199 0.029297 0.071289
2 0.710938 0.265625 0.025391 0.064453
2 0.746094 0.273926 0.025391 0.069336
2 0.783691 0.290527 0.026367 0.061523
2 0.500000 0.609375 0.074219 0.152344
2 0.068359 0.543945 0.072266 0.097656
2 0.073242 0.676758 0.085938 0.167969
