0 0.954102 0.538574 0.076172 0.168945
2 0.815430 0.602051 0.078125 0.196289
2 0.517578 0.484863 0.062500 0.159180
2 0.183594 0.690430 0.105469 0.166016
2 0.422363 0.707520 0.096680 0.137695
2 0.419434 0.565430 0.073242 0.166016
2 0.436035 0.396484 0.055664 0.150391
2 0.931641 0.416504 0.056641 0.118164
2 0.701172 0.370117 0.044922 0.125000
2 0.852051 0.334961 0.041992 0.111328
2 0.748535 0.330078 0.038086 0.107422
2 0.796387 0.280762 0.041992 0.102539
2 0.699219 0.276367 0.041016 0.097656
2 0.878906 0.274902 0.033203 0.086914
3 0.112793 0.405273 0.221680 0.373047
