0 0.745117 0.433594 0.041016 0.056641
2 0.887695 0.534668 0.097656 0.133789
2 0.677734 0.509277 0.074219 0.139648
2 0.629883 0.364746 0.048828 0.084961
2 0.447754 0.580566 0.063477 0.165039
2 0.291016 0.589355 0.068359 0.178711
2 0.207031 0.433594 0.052734 0.111328
2 0.261719 0.374512 0.039062 0.106445
2 0.323242 0.358887 0.041016 0.094727
2 0.355957 0.318359 0.036133 0.087891
2 0.421875 0.415527 0.048828 0.120117
4 0.122559 0.286621 0.038086 0.083008
2 0.333496 0.510742 0.057617 0.150391
2 0.511719 0.451660 0.058594 0.122070
2 0.604492 0.611816 0.089844 0.163086
0 0.482422 0.751953 0.033203 0.054688
1 0.532715 0.363281 0.120117 0.101562
2 0.497559 0.286133 0.032227 0.048828
2 0.217285 0.307129 0.041992 0.090820
