4 0.339355 0.390137 0.055664 0.104492
0 0.257812 0.391602 0.037109 0.093750
2 0.096680 0.443848 0.089844 0.131836
0 0.613770 0.269043 0.034180 0.075195
2 0.504395 0.313477 0.043945 0.103516
2 0.520508 0.642578 0.093750 0.185547
2 0.722168 0.426758 0.041992 0.119141
2 0.625000 0.707031 0.080078 0.148438
2 0.879883 0.393555 0.039062 0.091797
2 0.795410 0.345215 0.034180 0.090820
2 0.928711 0.322754 0.029297 0.084961
2 0.871094 0.317871 0.031250 0.067383
2 0.304688 0.311035 0.060547 0.079102
2 0.348633 0.286133 0.046875 0.082031
2 0.769043 0.301758 0.036133 0.076172
2 0.957031 0.264648 0.031250 0.062500
