0 0.899414 0.535156 0.044922 0.115234
0 0.395996 0.548828 0.024414 0.033203
2 0.430176 0.624023 0.053711 0.166016
2 0.196289 0.366211 0.042969 0.099609
2 0.533691 0.584473 0.077148 0.182617
2 0.699219 0.688477 0.111328 0.185547
2 0.732910 0.418457 0.063477 0.110352
1 0.593750 0.415039 0.154297 0.130859
2 0.452637 0.361328 0.043945 0.093750
2 0.387207 0.468262 0.053711 0.122070
2 0.427246 0.425781 0.045898 0.126953
2 0.503418 0.446777 0.047852 0.088867
2 0.252930 0.312500 0.035156 0.080078
2 0.258789 0.472168 0.060547 0.139648
2 0.290527 0.419434 0.051758 0.120117
4 0.139648 0.266113 0.035156 0.073242
2 0.303223 0.302734 0.034180 0.080078
2 0.379883 0.346191 0.033203 0.098633
2 0.552734 0.315430 0.039062 0.068359
2 0.349121 0.384277 0.038086 0.116211
2 0.831543 0.633789 0.096680 0.179688
2 0.343262 0.275879 0.028320 0.077148
2 0.467773 0.276367 0.035156 0.072266
2 0.234375 0.264648 0.031250 0.072266
