4 0.239258 0.454590 0.082031 0.153320
0 0.099609 0.470215 0.041016 0.120117
0 0.522949 0.318359 0.041992 0.103516
0 0.806152 0.657715 0.067383 0.168945
2 0.748535 0.559570 0.057617 0.160156
2 0.668457 0.480469 0.067383 0.140625
2 0.520508 0.679688 0.093750 0.185547
2 0.782227 0.354980 0.046875 0.096680
2 0.913086 0.341797 0.029297 0.087891
2 0.835449 0.299316 0.038086 0.079102
2 0.949219 0.290039 0.042969 0.072266
2 0.676758 0.263672 0.035156 0.068359
2 0.374512 0.356934 0.059570 0.110352
2 0.340332 0.286621 0.040039 0.088867
2 0.371582 0.283691 0.034180 0.061523
2 0.290527 0.713379 0.106445 0.145508
