0 0.508789 0.610352 0.070312 0.154297
2 0.670410 0.536133 0.065430 0.148438
2 0.607910 0.715332 0.075195 0.118164
2 0.877930 0.543457 0.074219 0.143555
2 0.766602 0.437012 0.044922 0.114258
2 0.888672 0.428223 0.048828 0.108398
2 0.753418 0.339844 0.049805 0.083984
2 0.491211 0.265625 0.046875 0.072266
2 0.340820 0.291992 0.044922 0.085938
0 0.815918 0.266113 0.041992 0.077148
2 0.880859 0.312988 0.033203 0.081055
2 0.819336 0.356445 0.039062 0.085938
2 0.919434 0.276855 0.036133 0.077148
1 0.878906 0.244141 0.070312 0.037109
