2 0.762207 0.565430 0.071289 0.156250
2 0.523926 0.698242 0.098633 0.150391
2 0.703613 0.374023 0.049805 0.107422
2 0.594727 0.392090 0.044922 0.104492
0 0.964355 0.315918 0.028320 0.059570
2 0.934082 0.320312 0.034180 0.068359
2 0.848145 0.424316 0.053711 0.116211
2 0.227051 0.425781 0.075195 0.121094
1 0.384277 0.271973 0.127930 0.086914
2 0.615723 0.300781 0.047852 0.080078
2 0.805176 0.309082 0.040039 0.081055
0 0.879883 0.277344 0.037109 0.074219
2 0.080078 0.445312 0.080078 0.121094
1 0.545410 0.241699 0.108398 0.041992
