0 0.395508 0.535645 0.066406 0.108398
2 0.231445 0.528320 0.085938 0.111328
2 0.052246 0.515625 0.090820 0.117188
2 0.470703 0.606445 0.080078 0.130859
2 0.478027 0.477051 0.045898 0.083008
2 0.570801 0.446777 0.030273 0.057617
2 0.198242 0.370605 0.052734 0.049805
1 0.765625 0.418945 0.052734 0.050781
1 0.903809 0.479492 0.069336 0.072266
2 0.678223 0.363281 0.018555 0.031250
1 0.303711 0.342773 0.087891 0.048828
2 0.107422 0.359375 0.044922 0.058594
1 0.738281 0.371582 0.037109 0.032227
1 0.806152 0.359375 0.022461 0.025391
