0 0.368652 0.654297 0.116211 0.179688
2 0.711426 0.566406 0.069336 0.164062
2 0.644531 0.487793 0.074219 0.165039
2 0.873535 0.383789 0.053711 0.105469
2 0.675293 0.367676 0.053711 0.100586
2 0.273926 0.367188 0.073242 0.117188
2 0.049805 0.532227 0.091797 0.152344
2 0.724609 0.314941 0.041016 0.098633
2 0.860840 0.315918 0.043945 0.084961
2 0.959961 0.316895 0.033203 0.096680
1 0.732422 0.249512 0.123047 0.063477
1 0.073730 0.386230 0.139648 0.155273
2 0.854980 0.250000 0.043945 0.056641
1 0.429199 0.253418 0.145508 0.063477
