2 0.570732 0.714086 0.041463 0.121951
2 0.467683 0.697013 0.042683 0.117073
2 0.328049 0.644574 0.051220 0.131707
2 0.407927 0.613477 0.040244 0.096342
2 0.451829 0.554330 0.035366 0.090244
2 0.483537 0.498233 0.032927 0.078049
2 0.171341 0.598233 0.042683 0.100000
2 0.104268 0.629330 0.035366 0.096342
2 0.062805 0.704330 0.047561 0.117073
2 0.298171 0.518354 0.035366 0.086585
2 0.325610 0.471404 0.024390 0.060975
3 0.416463 0.353111 0.069512 0.080488
1 0.335976 0.387867 0.045122 0.042683
1 0.249390 0.484208 0.067073 0.067073
1 0.206707 0.400672 0.054878 0.051220
2 0.130488 0.541525 0.036585 0.076829
2 0.195122 0.534209 0.029268 0.067073
2 0.139634 0.491525 0.023171 0.057317
1 0.299390 0.418355 0.062195 0.045122
2 0.524390 0.663477 0.046341 0.113415
1 0.169512 0.725672 0.148780 0.159756
1 0.334146 0.359209 0.041463 0.026829
