1 0.320450 0.698284 0.124266 0.230920
2 0.191781 0.742316 0.072407 0.105675
3 0.449119 0.496230 0.144814 0.182975
1 0.774951 0.531944 0.127202 0.070450
1 0.689335 0.420398 0.051859 0.025440
1 0.642368 0.405232 0.049902 0.030333
1 0.827789 0.432139 0.045010 0.037182
1 0.876712 0.447795 0.054795 0.037182
1 0.791585 0.430183 0.043053 0.035225
1 0.764188 0.413548 0.046967 0.033268
1 0.345890 0.401807 0.024462 0.027397
1 0.338063 0.375877 0.018591 0.018591
1 0.369863 0.358754 0.017613 0.017612
2 0.355675 0.493294 0.020548 0.049902
2 0.287182 0.428226 0.022505 0.037182
2 0.595890 0.479106 0.029354 0.048924
2 0.569961 0.448284 0.022505 0.045988
