4 0.263429 0.439564 0.049143 0.072000
0 0.975429 0.474992 0.044571 0.062857
3 0.416000 0.577278 0.171429 0.288000
3 0.741714 0.452706 0.210286 0.228572
1 0.105143 0.625278 0.139429 0.134857
1 0.163429 0.533849 0.112000 0.096000
1 0.149143 0.434992 0.083429 0.074286
1 0.163429 0.390421 0.066286 0.046857
3 0.076571 0.380707 0.086857 0.084572
2 0.232000 0.347564 0.020571 0.043429
1 0.173143 0.306421 0.033143 0.027428
1 0.451429 0.396707 0.068571 0.050285
1 0.555429 0.400135 0.070857 0.059429
1 0.490857 0.372706 0.067429 0.064000
1 0.074286 0.781850 0.130286 0.100572
2 0.074286 0.473278 0.029714 0.077714
2 0.309143 0.511563 0.035429 0.081143
2 0.033714 0.474421 0.030857 0.082285
2 0.910286 0.541278 0.046857 0.090286
2 0.892571 0.514421 0.038857 0.084572
2 0.920571 0.424135 0.062857 0.068572
0 0.306857 0.417278 0.026286 0.061715
