1 0.401127 0.713502 0.078925 0.098873
1 0.425846 0.628073 0.057242 0.066783
1 0.415438 0.587310 0.053773 0.042498
1 0.437554 0.552618 0.030356 0.035560
1 0.423677 0.509686 0.026886 0.022550
1 0.447962 0.517925 0.026886 0.023417
3 0.511275 0.572132 0.078925 0.109280
2 0.258456 0.676208 0.024284 0.065915
2 0.313964 0.664933 0.022550 0.060711
2 0.351691 0.674040 0.026886 0.070251
2 0.314397 0.616798 0.021683 0.049436
2 0.349523 0.623303 0.019081 0.046834
2 0.352992 0.576902 0.017346 0.035560
2 0.395490 0.569963 0.012142 0.035560
2 0.830009 0.608992 0.027754 0.045967
