0 0.120169 0.638539 0.211353 0.206549
2 0.239734 0.496222 0.121981 0.209068
0 0.734300 0.592569 0.099034 0.220403
2 0.823671 0.565491 0.099034 0.226700
2 0.141304 0.355164 0.118357 0.186398
2 0.237319 0.253778 0.119565 0.177582
2 0.099638 0.212846 0.097826 0.148615
2 0.045290 0.327456 0.088164 0.181360
0 0.649758 0.856423 0.132850 0.256927
2 0.679348 0.391058 0.073671 0.195214
2 0.722222 0.445844 0.072464 0.188917
2 0.806159 0.355164 0.073671 0.191436
2 0.884058 0.795340 0.113527 0.175063
0 0.770531 0.831864 0.118357 0.185139
2 0.610507 0.525189 0.078502 0.161209
