0 0.243357 0.595714 0.146135 0.165714
2 0.565821 0.490000 0.143720 0.145714
2 0.462560 0.371429 0.115942 0.131429
2 0.397947 0.327143 0.078502 0.134286
2 0.066425 0.590714 0.130435 0.152857
2 0.293478 0.923571 0.164251 0.152857
2 0.766304 0.597857 0.076087 0.164286
2 0.693841 0.427857 0.068841 0.155714
2 0.636473 0.234286 0.084541 0.114286
2 0.731280 0.164286 0.080918 0.108571
2 0.783213 0.200000 0.085749 0.108571
2 0.803140 0.269286 0.086957 0.124286
2 0.821256 0.342857 0.118357 0.114286
2 0.852053 0.450714 0.107488 0.147143
