2 0.358696 0.633230 0.144928 0.231481
2 0.212560 0.657407 0.171498 0.228395
2 0.225242 0.498971 0.097826 0.191358
2 0.157609 0.421296 0.208937 0.180041
2 0.193237 0.344136 0.195652 0.138889
2 0.376812 0.493313 0.096618 0.180041
0 0.513889 0.627058 0.175121 0.202675
2 0.709541 0.680041 0.182367 0.191358
2 0.597826 0.474794 0.140097 0.161523
2 0.485507 0.465021 0.113527 0.181070
2 0.472222 0.362140 0.198068 0.154321
2 0.384662 0.334877 0.134058 0.175926
2 0.555556 0.264918 0.125604 0.161523
2 0.801329 0.170267 0.107488 0.114198
2 0.839372 0.322016 0.113527 0.162551
