4 0.450483 0.532357 0.120773 0.198767
0 0.448068 0.798151 0.084541 0.218798
0 0.326691 0.728043 0.121981 0.164869
2 0.254831 0.830508 0.159420 0.197227
2 0.330918 0.611710 0.142512 0.144838
2 0.538043 0.549307 0.100242 0.171032
2 0.586957 0.247304 0.108696 0.124807
2 0.644324 0.302773 0.109903 0.130971
2 0.811594 0.234206 0.111111 0.138675
2 0.746377 0.352080 0.074879 0.161787
2 0.500000 0.056240 0.048309 0.103236
2 0.536836 0.704160 0.068841 0.200308
2 0.282609 0.082435 0.070048 0.109399
2 0.682971 0.036980 0.078502 0.067797
