0 0.584541 0.401829 0.171498 0.193902
2 0.775362 0.565854 0.106280 0.229268
2 0.099034 0.294512 0.111111 0.186585
2 0.475845 0.379268 0.142512 0.190244
2 0.385266 0.324390 0.123188 0.185366
2 0.280797 0.183537 0.114734 0.181707
2 0.440821 0.253659 0.130435 0.180488
2 0.509662 0.236585 0.096618 0.185366
1 0.614130 0.158537 0.486715 0.290244
2 0.797705 0.456098 0.192029 0.187805
2 0.704106 0.323171 0.142512 0.146341
1 0.917874 0.182317 0.164251 0.191463
2 0.072464 0.064024 0.137681 0.108537
2 0.737923 0.782317 0.176329 0.228049
2 0.222222 0.815854 0.154589 0.241463
2 0.073068 0.817683 0.134058 0.196341
2 0.400966 0.821341 0.113527 0.223171
