0 0.965625 0.724537 0.065625 0.208333
2 0.925130 0.542593 0.085156 0.130556
2 0.791797 0.528241 0.085677 0.142593
1 0.838802 0.498843 0.180729 0.140278
2 0.627734 0.422222 0.063281 0.112963
2 0.623958 0.394213 0.066667 0.089352
2 0.589714 0.369213 0.073177 0.094907
2 0.692057 0.388657 0.068490 0.097685
2 0.727734 0.426389 0.061719 0.100000
2 0.777083 0.408796 0.052083 0.091667
2 0.832682 0.393519 0.060156 0.080556
1 0.452604 0.416204 0.182812 0.127778
2 0.422135 0.337731 0.035417 0.056019
2 0.246745 0.428241 0.068490 0.093519
1 0.320443 0.385648 0.178906 0.093519
0 0.783984 0.258333 0.039844 0.075926
3 0.337500 0.206713 0.184375 0.171759
2 0.420833 0.254630 0.021875 0.077778
2 0.438932 0.253472 0.016927 0.075463
2 0.461458 0.263657 0.023958 0.079167
2 0.517057 0.262500 0.022656 0.081481
2 0.498958 0.247454 0.019271 0.087500
2 0.557161 0.223148 0.064323 0.119444
2 0.593490 0.238194 0.015104 0.071759
2 0.606510 0.240741 0.013542 0.081481
2 0.630859 0.246991 0.018490 0.079167
2 0.665495 0.243750 0.020573 0.085648
2 0.684635 0.241204 0.017708 0.077778
2 0.708203 0.235880 0.018490 0.079167
2 0.738411 0.238194 0.022656 0.071759
2 0.824349 0.218750 0.057552 0.076389
1 0.125130 0.379630 0.183073 0.120370
0 0.913281 0.229167 0.043229 0.085185
1 0.672266 0.109722 0.038281 0.053704
1 0.455469 0.174537 0.043229 0.053704
