4 0.056763 0.426429 0.082126 0.161429
0 0.058575 0.322143 0.080918 0.124286
0 0.191425 0.287143 0.073671 0.137143
2 0.565217 0.865714 0.084541 0.217143
2 0.634662 0.810000 0.097826 0.211429
2 0.689010 0.722143 0.071256 0.161429
2 0.705918 0.671429 0.078502 0.168571
2 0.772343 0.625714 0.080918 0.174286
0 0.792874 0.547143 0.071256 0.137143
2 0.477657 0.756429 0.095411 0.201429
2 0.471618 0.592857 0.059179 0.171429
0 0.518116 0.680714 0.067633 0.181429
2 0.584541 0.679286 0.077295 0.181429
2 0.603865 0.592143 0.067633 0.161429
2 0.676329 0.557857 0.055556 0.144286
2 0.694444 0.497143 0.060386 0.137143
2 0.684179 0.160000 0.092995 0.108571
2 0.899155 0.188571 0.097826 0.102857
2 0.783816 0.072857 0.057971 0.097143
2 0.861111 0.066429 0.033816 0.092857
2 0.310386 0.481429 0.062802 0.151429
