2 0.559179 0.628831 0.077295 0.152100
2 0.567029 0.807037 0.114734 0.174801
2 0.675121 0.799659 0.120773 0.175936
2 0.415459 0.858116 0.094203 0.188422
2 0.324879 0.851873 0.082126 0.187287
2 0.288043 0.774120 0.076087 0.170261
2 0.827295 0.825766 0.140097 0.155505
2 0.387681 0.286039 0.057971 0.115778
0 0.723430 0.329171 0.144928 0.095346
2 0.718599 0.409194 0.070048 0.110102
2 0.532609 0.243473 0.079710 0.105562
4 0.641908 0.265607 0.076087 0.106697
2 0.339372 0.255959 0.053140 0.116913
2 0.419082 0.225880 0.065217 0.108967
2 0.456522 0.209421 0.055556 0.096481
2 0.288647 0.202611 0.074879 0.101022
2 0.359903 0.181044 0.060386 0.080590
1 0.404589 0.132236 0.198068 0.091941
1 0.630435 0.149830 0.166667 0.079455
2 0.786836 0.297389 0.117150 0.102157
2 0.221014 0.185585 0.060386 0.087401
1 0.889493 0.195800 0.204106 0.085131
0 0.838768 0.211124 0.061594 0.083995
2 0.947464 0.366629 0.090580 0.115778
1 0.386473 0.055051 0.171498 0.071510
1 0.243357 0.103859 0.085749 0.069240
2 0.606280 0.076050 0.089372 0.070375
2 0.204710 0.913167 0.102657 0.157775
