1 0.281771 0.833333 0.165625 0.301852
1 0.084896 0.856019 0.168750 0.282407
1 0.196615 0.632870 0.153646 0.256481
1 0.499219 0.504630 0.092188 0.183333
1 0.572917 0.342593 0.044792 0.092593
1 0.491667 0.328704 0.054167 0.096296
1 0.338542 0.333796 0.057292 0.087963
1 0.422917 0.279630 0.045833 0.075926
2 0.676042 0.881481 0.052083 0.235185
2 0.607292 0.763889 0.038542 0.194444
2 0.582812 0.653241 0.038542 0.165741
2 0.543490 0.611574 0.033854 0.145370
2 0.568490 0.449537 0.024479 0.093519
2 0.572917 0.528241 0.031250 0.145370
2 0.619271 0.593519 0.033333 0.148148
2 0.676562 0.641667 0.035417 0.166667
2 0.640885 0.522222 0.022396 0.131481
2 0.660417 0.451389 0.020833 0.117593
2 0.628646 0.437037 0.020833 0.118519
2 0.646094 0.402315 0.018229 0.086111
2 0.638542 0.342593 0.017708 0.081481
2 0.621615 0.318981 0.017188 0.086111
2 0.605990 0.296759 0.014063 0.078704
2 0.592187 0.268519 0.017708 0.066667
2 0.551823 0.287500 0.018229 0.069444
2 0.465365 0.434722 0.020313 0.076852
2 0.462240 0.371296 0.026562 0.074074
2 0.478125 0.393519 0.021875 0.064815
2 0.081510 0.668981 0.042188 0.123148
2 0.042969 0.631019 0.059896 0.176852
2 0.102865 0.552315 0.039062 0.130556
2 0.151823 0.458796 0.027604 0.097222
2 0.139844 0.583333 0.035937 0.092593
2 0.172917 0.526852 0.033333 0.088889
2 0.183333 0.412963 0.025000 0.068519
2 0.205990 0.443519 0.027604 0.090741
2 0.249740 0.374074 0.025521 0.085185
2 0.246615 0.450463 0.032813 0.106481
2 0.275521 0.455093 0.026042 0.113889
2 0.298438 0.399537 0.026042 0.069444
3 0.361198 0.505093 0.168229 0.336111
0 0.384115 0.300926 0.019271 0.081481
1 0.536458 0.225000 0.038542 0.066667
1 0.417448 0.137963 0.031771 0.055556
1 0.473698 0.155556 0.029687 0.057407
1 0.416667 0.218056 0.037500 0.049074
1 0.483333 0.268056 0.041667 0.065741
1 0.614844 0.184259 0.026562 0.048148
1 0.562240 0.168056 0.025521 0.043519
1 0.554948 0.130556 0.019271 0.031481
1 0.368750 0.146759 0.037500 0.058333
1 0.486719 0.112963 0.022396 0.035185
1 0.517708 0.122222 0.019792 0.031481
