0 0.503623 0.583871 0.062802 0.161290
2 0.474034 0.746237 0.049517 0.172043
2 0.466184 0.898925 0.072464 0.202151
2 0.064010 0.856989 0.125604 0.200000
4 0.568841 0.408602 0.026570 0.103226
2 0.601449 0.370968 0.028986 0.135484
2 0.653382 0.464516 0.038647 0.137634
2 0.469203 0.236559 0.032609 0.111828
1 0.619565 0.281720 0.149758 0.150538
2 0.468599 0.443011 0.053140 0.129032
2 0.707126 0.204301 0.044686 0.090323
2 0.543478 0.135484 0.043478 0.073118
2 0.291063 0.107527 0.033816 0.086022
1 0.972222 0.170968 0.048309 0.101075
