1 0.135286 0.850000 0.174740 0.274074
1 0.602734 0.423611 0.073177 0.115741
1 0.530339 0.337500 0.050781 0.077778
1 0.721615 0.481944 0.084896 0.096296
1 0.877214 0.541667 0.127344 0.157407
3 0.777083 0.715278 0.245312 0.404630
3 0.603125 0.312731 0.101562 0.164352
0 0.191927 0.550694 0.068229 0.092130
4 0.207943 0.473380 0.052865 0.056944
4 0.520182 0.793981 0.039844 0.181481
2 0.257031 0.655556 0.039583 0.158333
2 0.353906 0.813426 0.039062 0.174074
2 0.328255 0.698611 0.028906 0.142593
2 0.320052 0.588657 0.036979 0.114352
2 0.366667 0.642824 0.024479 0.140278
2 0.413542 0.800694 0.043229 0.168056
2 0.356380 0.534954 0.023177 0.105093
2 0.386458 0.584259 0.023438 0.120370
2 0.416667 0.626389 0.024479 0.124074
2 0.442708 0.656250 0.027604 0.098611
2 0.458464 0.763889 0.046615 0.162963
2 0.468750 0.916667 0.042708 0.166667
2 0.506771 0.892361 0.037500 0.198611
2 0.564323 0.887731 0.051562 0.191204
2 0.635417 0.927778 0.048438 0.144444
2 0.675130 0.803472 0.046615 0.183796
2 0.729818 0.920370 0.053385 0.159259
2 0.567448 0.742593 0.039583 0.157407
2 0.622656 0.683565 0.047396 0.141204
2 0.563672 0.641435 0.036198 0.106019
2 0.576302 0.594676 0.026042 0.124537
2 0.521484 0.684259 0.024740 0.120370
2 0.477995 0.643981 0.027865 0.132407
2 0.423177 0.540278 0.030729 0.108333
2 0.387240 0.473380 0.015104 0.089352
2 0.368099 0.496065 0.019531 0.092130
2 0.341276 0.425694 0.014844 0.079167
2 0.312240 0.436806 0.019792 0.076389
2 0.332813 0.380787 0.017188 0.076389
2 0.360156 0.404398 0.013021 0.063426
2 0.384115 0.395370 0.015625 0.072222
2 0.414583 0.434954 0.021875 0.063426
2 0.444401 0.440509 0.021094 0.074537
2 0.451693 0.518981 0.020573 0.112037
2 0.476302 0.539120 0.021875 0.098611
2 0.527995 0.546991 0.021094 0.109722
2 0.503385 0.605556 0.023958 0.097222
2 0.552083 0.522917 0.019792 0.102315
2 0.594141 0.541667 0.028906 0.118519
2 0.626042 0.526389 0.028125 0.104630
2 0.547266 0.447917 0.022656 0.074537
2 0.513281 0.468056 0.021875 0.073148
2 0.479687 0.407639 0.019271 0.079167
2 0.486328 0.502546 0.018490 0.110648
5 0.727734 0.375231 0.080990 0.106944
1 0.472266 0.316435 0.035677 0.059722
1 0.506771 0.275463 0.039062 0.041667
1 0.679427 0.246759 0.034896 0.042593
3 0.519922 0.203009 0.034115 0.043981
3 0.464323 0.213889 0.019271 0.032407
1 0.464453 0.275231 0.030990 0.033796
2 0.407031 0.369676 0.015104 0.068981
2 0.350130 0.331713 0.012760 0.058796
2 0.378776 0.332176 0.012760 0.050463
2 0.364323 0.346296 0.013542 0.061111
2 0.673438 0.284491 0.027083 0.049537
2 0.802474 0.274769 0.012240 0.046759
2 0.862240 0.322454 0.024479 0.056944
2 0.895443 0.321528 0.023177 0.059722
2 0.948047 0.344907 0.027344 0.062963
2 0.824479 0.286111 0.013021 0.046296
2 0.756641 0.285880 0.023698 0.056944
1 0.858854 0.233102 0.055729 0.033796
1 0.931250 0.241898 0.029687 0.032870
1 0.709245 0.215741 0.032031 0.026852
2 0.198958 0.300463 0.022917 0.049074
2 0.265495 0.286806 0.020052 0.045833
2 0.246094 0.284722 0.019271 0.046296
2 0.305078 0.273148 0.015885 0.047222
