2 0.693490 0.799537 0.090104 0.132407
1 0.545052 0.730556 0.224479 0.146296
1 0.705729 0.692593 0.119792 0.129630
1 0.822656 0.673148 0.115104 0.116667
1 0.913281 0.742593 0.172396 0.131481
1 0.265365 0.711574 0.172396 0.132407
1 0.380469 0.674537 0.100521 0.108333
3 0.367708 0.512037 0.205208 0.205556
2 0.394271 0.582870 0.021875 0.089815
2 0.429948 0.585185 0.018229 0.100000
2 0.460677 0.636111 0.051562 0.096296
0 0.432292 0.947222 0.080208 0.105556
2 0.622135 0.933796 0.079687 0.126852
2 0.672396 0.545833 0.019792 0.073148
2 0.730469 0.553241 0.015104 0.106481
2 0.760156 0.545833 0.020313 0.097222
2 0.786458 0.542130 0.022917 0.087963
2 0.839844 0.524074 0.019271 0.085185
2 0.860156 0.534722 0.022396 0.087963
2 0.887500 0.539815 0.022917 0.087037
2 0.928385 0.525926 0.018229 0.094444
2 0.959115 0.523611 0.019271 0.099074
1 0.807031 0.525463 0.041146 0.089815
1 0.695833 0.527315 0.045833 0.100926
1 0.875260 0.429167 0.044271 0.049074
1 0.752083 0.477315 0.056250 0.054630
3 0.605729 0.363426 0.045833 0.073148
3 0.779427 0.415278 0.033854 0.039815
3 0.822396 0.463426 0.036458 0.050926
