0 0.414855 0.761010 0.192029 0.156736
0 0.756039 0.553109 0.135266 0.119171
2 0.132850 0.565415 0.137681 0.120466
2 0.291667 0.516192 0.136473 0.091969
2 0.265097 0.639249 0.143720 0.117876
2 0.385870 0.591321 0.148551 0.112694
2 0.266304 0.568653 0.143720 0.101036
2 0.527778 0.492228 0.130435 0.124352
2 0.614130 0.593912 0.143720 0.136010
2 0.862923 0.577073 0.136473 0.138601
2 0.760266 0.443653 0.092995 0.099741
2 0.819444 0.492876 0.109903 0.104922
2 0.887077 0.385363 0.085749 0.112694
2 0.935386 0.448834 0.088164 0.112694
4 0.970411 0.492876 0.059179 0.117876
