2 0.594203 0.720805 0.067633 0.169128
2 0.666667 0.596644 0.077295 0.138255
2 0.495169 0.740940 0.072464 0.179866
2 0.112923 0.738255 0.150966 0.177181
2 0.676932 0.479866 0.073671 0.122148
2 0.685990 0.372483 0.118357 0.114094
2 0.790459 0.255034 0.054348 0.088591
0 0.598430 0.547651 0.107488 0.131544
2 0.666667 0.189262 0.050725 0.091275
2 0.557367 0.187919 0.051932 0.099329
2 0.762681 0.129530 0.064010 0.068456
1 0.399758 0.089933 0.057971 0.051007
2 0.785024 0.797315 0.084541 0.118121
2 0.055556 0.440940 0.094203 0.114094
