3 0.275000 0.639352 0.220833 0.241667
5 0.486719 0.577778 0.064062 0.162963
2 0.414323 0.640278 0.021354 0.078704
2 0.437500 0.647222 0.021875 0.096296
2 0.338802 0.787037 0.032813 0.131481
2 0.367188 0.802778 0.022917 0.131481
2 0.381250 0.814815 0.020833 0.090741
2 0.395573 0.873611 0.028646 0.128704
2 0.382031 0.925926 0.033854 0.148148
2 0.280469 0.948148 0.049479 0.092593
2 0.453906 0.700926 0.024479 0.079630
2 0.460938 0.739815 0.020833 0.087037
2 0.429688 0.767130 0.025000 0.099074
2 0.421875 0.827315 0.027083 0.130556
2 0.497917 0.715278 0.026042 0.091667
2 0.477865 0.786111 0.021354 0.120370
2 0.457292 0.823148 0.027083 0.100000
2 0.458333 0.898148 0.037500 0.103704
2 0.469271 0.948611 0.040625 0.102778
2 0.572656 0.706019 0.022396 0.093519
2 0.552865 0.747222 0.022396 0.075926
2 0.584896 0.772685 0.019792 0.087963
2 0.523177 0.767593 0.021354 0.083333
2 0.509896 0.818981 0.027083 0.095370
2 0.545052 0.814815 0.024479 0.135185
2 0.517188 0.875000 0.026042 0.114815
2 0.528385 0.925000 0.033854 0.140741
1 0.608594 0.902778 0.093229 0.157407
1 0.754167 0.925926 0.108333 0.138889
1 0.700521 0.812500 0.093750 0.143519
1 0.617448 0.734722 0.065104 0.110185
2 0.657552 0.697685 0.021354 0.100926
2 0.687760 0.678241 0.024479 0.106481
1 0.743750 0.733333 0.091667 0.137037
2 0.730990 0.761111 0.026562 0.096296
2 0.822917 0.853241 0.033333 0.154630
1 0.832812 0.714815 0.096875 0.118519
1 0.953906 0.859259 0.092188 0.170370
2 0.734375 0.635648 0.017708 0.075000
1 0.790104 0.648148 0.068750 0.081481
3 0.845573 0.583333 0.102604 0.164815
1 0.559896 0.465278 0.041667 0.045370
1 0.618490 0.521296 0.035937 0.050000
1 0.659375 0.547685 0.045833 0.063889
1 0.685156 0.629630 0.051562 0.085185
1 0.716406 0.584722 0.054688 0.063889
1 0.615625 0.476852 0.040625 0.040741
1 0.466927 0.442593 0.026562 0.040741
1 0.494531 0.429167 0.023438 0.032407
1 0.492969 0.461574 0.024479 0.041667
1 0.410156 0.526389 0.040104 0.056481
1 0.312760 0.406944 0.022396 0.036111
2 0.920312 0.697685 0.021875 0.102778
2 0.981771 0.540741 0.021875 0.075926
1 0.478646 0.388889 0.019792 0.031481
1 0.823958 0.427315 0.025000 0.034259
2 0.762500 0.571759 0.014583 0.065741
