0 0.670894 0.297084 0.085749 0.151883
2 0.784420 0.430741 0.073671 0.176185
2 0.858092 0.473269 0.064010 0.156744
2 0.408213 0.282503 0.103865 0.156744
2 0.486111 0.262454 0.080918 0.155529
2 0.606884 0.218104 0.064010 0.164034
2 0.410024 0.165857 0.078502 0.127582
2 0.501208 0.148846 0.077295 0.125152
4 0.560386 0.115431 0.072464 0.126367
1 0.771739 0.142770 0.277778 0.137303
2 0.221014 0.783718 0.202899 0.157959
1 0.062802 0.092953 0.113527 0.127582
1 0.922101 0.328676 0.155797 0.207776
2 0.845411 0.647023 0.135266 0.185905
