3 0.789855 0.123288 0.342995 0.228311
4 0.460749 0.402588 0.100242 0.126332
2 0.443841 0.272451 0.068841 0.130898
2 0.637681 0.349315 0.115942 0.135464
2 0.588768 0.326484 0.071256 0.129376
2 0.746377 0.311263 0.079710 0.150685
0 0.312802 0.696347 0.103865 0.165906
2 0.408816 0.840183 0.112319 0.203957
2 0.528382 0.795282 0.056763 0.205479
2 0.514493 0.713090 0.101449 0.175038
2 0.509058 0.614916 0.126812 0.167428
2 0.237923 0.906393 0.159420 0.187215
2 0.240942 0.819635 0.150966 0.168950
2 0.369565 0.623288 0.132850 0.153729
2 0.513889 0.154490 0.064010 0.114155
2 0.585749 0.226027 0.077295 0.123288
1 0.663647 0.207002 0.233092 0.115677
2 0.405797 0.177321 0.072464 0.114155
2 0.455918 0.165145 0.064010 0.114155
2 0.352053 0.146119 0.056763 0.097412
1 0.369565 0.093607 0.181159 0.117199
2 0.666667 0.265601 0.082126 0.126332
2 0.826087 0.501522 0.111111 0.132420
2 0.830918 0.299087 0.043478 0.123288
2 0.929348 0.363014 0.056763 0.138508
