0 0.797396 0.827778 0.108854 0.227778
1 0.561458 0.412269 0.189062 0.132870
2 0.365625 0.434954 0.066667 0.124537
2 0.755859 0.440509 0.060156 0.118056
2 0.737109 0.417824 0.063802 0.102315
2 0.717448 0.382639 0.052083 0.109722
1 0.422917 0.387500 0.178125 0.104630
2 0.196354 0.416204 0.067708 0.108333
1 0.250260 0.399074 0.167187 0.132407
2 0.843620 0.407639 0.075260 0.101389
2 0.857292 0.451620 0.069792 0.113426
2 0.934766 0.437500 0.061719 0.080556
1 0.939974 0.514815 0.120052 0.123148
0 0.670833 0.263194 0.047917 0.078241
2 0.421094 0.248611 0.019792 0.077778
2 0.437891 0.252315 0.017969 0.073148
2 0.463281 0.259722 0.019271 0.073148
2 0.499870 0.254167 0.015885 0.076852
2 0.516016 0.256481 0.019010 0.076852
1 0.556120 0.227083 0.058073 0.125463
2 0.592448 0.237731 0.010417 0.063426
2 0.607552 0.241898 0.014583 0.079167
2 0.627734 0.250463 0.016406 0.086111
2 0.708594 0.233333 0.016667 0.072222
2 0.740755 0.231944 0.016406 0.069444
1 0.760026 0.217593 0.046615 0.069444
3 0.383724 0.205324 0.172656 0.155093
1 0.824870 0.223148 0.052865 0.068519
1 0.910417 0.120833 0.036458 0.053704
2 0.980729 0.231250 0.038542 0.079167
0 0.926953 0.230556 0.030990 0.080556
0 0.902214 0.220833 0.021094 0.073148
1 0.663802 0.100694 0.032292 0.056944
1 0.635026 0.165278 0.057031 0.099074
2 0.146745 0.723843 0.107031 0.182870
1 0.454036 0.032407 0.018490 0.027778
2 0.235807 0.243981 0.044010 0.080556
