0 0.217391 0.806167 0.181159 0.233480
0 0.922705 0.154185 0.060386 0.162996
4 0.900966 0.252203 0.094203 0.160793
2 0.740338 0.320485 0.103865 0.165198
2 0.827899 0.229075 0.088164 0.167401
2 0.706522 0.101322 0.072464 0.154185
0 0.533816 0.426211 0.108696 0.182819
2 0.420894 0.542952 0.105072 0.178414
2 0.343599 0.526432 0.112319 0.180617
2 0.143720 0.587004 0.128019 0.191630
2 0.203502 0.496696 0.121981 0.174009
2 0.267512 0.397577 0.121981 0.151982
2 0.399758 0.332599 0.108696 0.176211
2 0.628019 0.349119 0.072464 0.196035
2 0.768116 0.158590 0.091787 0.140969
2 0.829710 0.422907 0.048309 0.207048
