0 0.217391 0.760215 0.132850 0.221505
2 0.207729 0.486022 0.086957 0.167742
2 0.320652 0.584946 0.078502 0.184946
2 0.367754 0.568817 0.059179 0.191398
2 0.424517 0.552688 0.059179 0.197849
2 0.499396 0.540860 0.068841 0.178495
2 0.570652 0.518280 0.066425 0.163441
4 0.544082 0.611828 0.088164 0.204301
2 0.656401 0.747312 0.117150 0.225806
2 0.628019 0.618280 0.086957 0.200000
2 0.557971 0.408602 0.070048 0.146237
2 0.797705 0.640860 0.080918 0.206452
2 0.745773 0.567742 0.073671 0.172043
2 0.700483 0.411828 0.077295 0.169892
2 0.450483 0.366667 0.070048 0.148387
2 0.329106 0.359140 0.064010 0.129032
2 0.386473 0.335484 0.048309 0.141935
2 0.236715 0.283871 0.053140 0.116129
2 0.146739 0.309677 0.056763 0.129032
1 0.238527 0.236559 0.170290 0.116129
