0 0.399758 0.451807 0.091787 0.163855
2 0.562802 0.553012 0.077295 0.171084
2 0.614130 0.685542 0.092995 0.185542
2 0.258454 0.684940 0.200483 0.165060
4 0.803744 0.704217 0.054348 0.203614
2 0.759662 0.614458 0.070048 0.185542
2 0.832729 0.585542 0.064010 0.192771
2 0.936594 0.522892 0.126812 0.149398
2 0.898551 0.665060 0.072464 0.178313
2 0.184783 0.434940 0.106280 0.156627
2 0.327899 0.294578 0.095411 0.097590
2 0.236111 0.263253 0.068841 0.102410
2 0.152174 0.304217 0.079710 0.126506
2 0.096014 0.351807 0.085749 0.137349
2 0.043478 0.371687 0.082126 0.128916
1 0.769928 0.445783 0.358696 0.161446
2 0.560990 0.322892 0.119565 0.127711
2 0.493357 0.291566 0.105072 0.103614
