0 0.322135 0.715278 0.036979 0.150926
1 0.721615 0.790046 0.113542 0.213426
1 0.927865 0.887037 0.142708 0.207407
1 0.842839 0.653704 0.124740 0.169444
1 0.860677 0.511806 0.093229 0.105093
1 0.728255 0.482639 0.085677 0.114352
1 0.605859 0.589815 0.075260 0.124074
1 0.506380 0.543519 0.065885 0.104630
4 0.218229 0.533565 0.058333 0.082870
2 0.243099 0.908796 0.041927 0.182407
2 0.293620 0.935648 0.041927 0.128704
2 0.374219 0.916204 0.036979 0.167593
2 0.452734 0.926620 0.040365 0.140278
2 0.456771 0.799769 0.043229 0.159722
2 0.382422 0.757870 0.033073 0.134259
2 0.518359 0.866435 0.044531 0.168056
2 0.573958 0.921065 0.037500 0.156019
2 0.631120 0.883333 0.038281 0.200000
2 0.568880 0.818056 0.039844 0.123148
2 0.583594 0.756019 0.032292 0.154630
2 0.627734 0.736574 0.035677 0.115741
2 0.589453 0.690741 0.027344 0.124074
2 0.566406 0.650694 0.030729 0.121759
2 0.468750 0.719907 0.027604 0.112037
2 0.519792 0.756019 0.032292 0.115741
2 0.411198 0.651157 0.026042 0.125463
2 0.349219 0.629167 0.023958 0.123148
2 0.338932 0.569676 0.021094 0.093981
2 0.435156 0.622454 0.019271 0.121759
2 0.396484 0.603704 0.025260 0.112963
2 0.466016 0.641435 0.028906 0.113426
2 0.505729 0.643981 0.023438 0.127778
2 0.545833 0.503704 0.023958 0.088889
2 0.443359 0.519444 0.017969 0.096296
2 0.427604 0.536111 0.019271 0.073148
2 0.412240 0.513657 0.015625 0.091204
2 0.391276 0.524537 0.017969 0.074074
2 0.353255 0.529398 0.015885 0.093981
2 0.367057 0.514815 0.018490 0.103704
2 0.643229 0.544676 0.023958 0.117130
2 0.602734 0.483796 0.022656 0.092593
2 0.561198 0.462269 0.021875 0.079167
2 0.726432 0.934259 0.035677 0.131481
2 0.694531 0.945833 0.033333 0.108333
2 0.841927 0.909491 0.044792 0.181019
2 0.813151 0.794444 0.036198 0.165741
2 0.776823 0.732176 0.030729 0.148611
2 0.720573 0.614815 0.023958 0.130556
2 0.749740 0.581250 0.026042 0.099537
2 0.967708 0.718056 0.036979 0.162037
2 0.906250 0.627546 0.032292 0.133796
2 0.943359 0.661111 0.029427 0.142593
2 0.674609 0.568519 0.022656 0.130556
1 0.644661 0.419907 0.059635 0.086111
1 0.528385 0.323611 0.039583 0.057407
1 0.478776 0.260417 0.025260 0.032870
1 0.376302 0.405093 0.049479 0.069444
2 0.121354 0.481019 0.043750 0.088889
2 0.212109 0.449074 0.036198 0.088889
2 0.333464 0.425463 0.016927 0.077778
1 0.499219 0.458333 0.054167 0.077778
2 0.561068 0.352315 0.018490 0.062963
2 0.577083 0.393056 0.015104 0.069444
2 0.510156 0.395602 0.017188 0.071759
2 0.936198 0.421759 0.026042 0.075926
2 0.914974 0.484028 0.044010 0.090278
1 0.336068 0.317593 0.033594 0.042593
1 0.382161 0.340278 0.029427 0.046296
1 0.432552 0.269907 0.021875 0.035185
1 0.435286 0.232176 0.020573 0.032870
1 0.891667 0.359722 0.060417 0.073148
1 0.947917 0.340741 0.047917 0.054630
1 0.382422 0.238889 0.044010 0.034259
