0 0.386719 0.921296 0.053646 0.157407
2 0.484115 0.894444 0.043229 0.168519
4 0.512240 0.844907 0.033854 0.178704
2 0.547135 0.821296 0.047396 0.187037
2 0.460156 0.730556 0.031771 0.146296
3 0.635417 0.717593 0.151042 0.353704
2 0.457292 0.601852 0.027083 0.107407
2 0.814323 0.644907 0.029687 0.145370
2 0.773698 0.600000 0.028646 0.105556
2 0.785156 0.719907 0.029687 0.080556
2 0.838802 0.716667 0.034896 0.098148
2 0.535417 0.590741 0.030208 0.112963
2 0.490365 0.541204 0.024479 0.106481
2 0.437500 0.564352 0.027083 0.108333
2 0.766667 0.682407 0.029167 0.107407
2 0.692448 0.582870 0.022396 0.100926
2 0.669531 0.542593 0.020313 0.092593
1 0.900781 0.598611 0.093229 0.139815
2 0.849479 0.669907 0.028125 0.106481
2 0.886458 0.701852 0.030208 0.101852
1 0.935677 0.865741 0.128646 0.200000
1 0.736979 0.525000 0.066667 0.124074
2 0.557552 0.557870 0.018229 0.099074
2 0.618750 0.524074 0.018750 0.064815
2 0.961198 0.731944 0.036979 0.097222
2 0.977083 0.676389 0.034375 0.145370
2 0.952604 0.568519 0.025000 0.112963
2 0.288802 0.940278 0.042188 0.119444
2 0.311458 0.887500 0.047917 0.150926
2 0.150000 0.526389 0.047917 0.119444
2 0.299740 0.487037 0.030729 0.098148
2 0.354427 0.469907 0.024479 0.086111
3 0.817187 0.439815 0.116667 0.192593
1 0.626563 0.443981 0.045833 0.073148
1 0.706510 0.351389 0.036979 0.054630
1 0.586198 0.471759 0.051562 0.080556
2 0.940104 0.460648 0.020833 0.087963
2 0.916146 0.461574 0.020833 0.093519
2 0.899740 0.456019 0.019271 0.080556
3 0.590885 0.362500 0.081771 0.115741
1 0.560156 0.264815 0.032813 0.053704
1 0.515104 0.275000 0.030208 0.050000
1 0.459896 0.275000 0.025000 0.040741
1 0.478646 0.252778 0.017708 0.035185
1 0.402083 0.242130 0.022917 0.028704
1 0.797656 0.256481 0.028646 0.050000
1 0.732552 0.287500 0.036979 0.056481
2 0.470313 0.482870 0.015625 0.082407
2 0.419531 0.484722 0.014063 0.086111
