3 0.716146 0.810185 0.256250 0.379630
1 0.560156 0.564120 0.086979 0.148611
1 0.725781 0.627546 0.104167 0.141204
1 0.816927 0.512269 0.101562 0.125463
2 0.874089 0.917361 0.041927 0.163426
2 0.344661 0.757870 0.035677 0.165741
2 0.398177 0.904630 0.041146 0.184259
2 0.470052 0.850463 0.036979 0.197222
2 0.414583 0.744676 0.034375 0.175463
2 0.441406 0.696991 0.026042 0.156019
2 0.519792 0.785880 0.043229 0.190278
2 0.533594 0.645833 0.032292 0.134259
2 0.491667 0.691435 0.025521 0.149537
2 0.442318 0.589120 0.029427 0.110648
2 0.369792 0.589815 0.032292 0.124074
2 0.313151 0.575694 0.023177 0.137500
2 0.334766 0.522917 0.025260 0.109722
4 0.220573 0.500231 0.021875 0.098611
2 0.364583 0.494213 0.021875 0.098611
2 0.400521 0.562963 0.025521 0.126852
2 0.373828 0.430787 0.020052 0.091204
2 0.458464 0.552546 0.019010 0.110648
2 0.478776 0.625000 0.022656 0.126852
2 0.495182 0.578009 0.026823 0.098611
2 0.635547 0.562500 0.026823 0.115741
2 0.611198 0.487269 0.021875 0.102315
2 0.656510 0.537500 0.023438 0.112037
2 0.471224 0.473380 0.018490 0.093981
2 0.517969 0.485417 0.026042 0.106019
2 0.496484 0.438194 0.020052 0.098611
2 0.420703 0.445370 0.016406 0.086111
2 0.451302 0.427083 0.021354 0.081944
2 0.696615 0.508333 0.028125 0.092593
2 0.755859 0.545833 0.027344 0.100000
2 0.808594 0.716435 0.041146 0.143981
2 0.823828 0.623843 0.027344 0.131944
2 0.849479 0.601157 0.026562 0.132870
2 0.875781 0.676852 0.036979 0.166667
2 0.905990 0.637269 0.028646 0.148611
2 0.946094 0.671991 0.040625 0.155093
1 0.856250 0.455787 0.104688 0.136574
2 0.753385 0.458102 0.023958 0.090278
2 0.712370 0.455556 0.022656 0.100000
2 0.728125 0.411806 0.022396 0.087500
2 0.631771 0.450694 0.019271 0.082870
2 0.657943 0.468519 0.017969 0.069444
2 0.673047 0.461806 0.020573 0.097685
1 0.553125 0.445370 0.063021 0.096296
2 0.914193 0.425694 0.048177 0.079167
3 0.226042 0.365278 0.183333 0.162963
2 0.358724 0.342824 0.014844 0.067130
2 0.335677 0.341204 0.014583 0.064815
2 0.406771 0.393287 0.011458 0.067130
2 0.378646 0.353935 0.012500 0.062500
1 0.551172 0.365046 0.042448 0.062500
1 0.681120 0.328009 0.052865 0.065278
1 0.532422 0.322685 0.038802 0.058333
1 0.574089 0.245602 0.031510 0.045833
1 0.609245 0.264352 0.043490 0.056481
1 0.563281 0.284722 0.035937 0.049074
1 0.604036 0.334954 0.043490 0.060648
2 0.427995 0.378472 0.012240 0.072685
2 0.444531 0.366667 0.011979 0.077778
2 0.486068 0.370833 0.013802 0.057407
1 0.485286 0.205556 0.027865 0.043519
2 0.517448 0.376852 0.015104 0.071296
1 0.662370 0.385880 0.054427 0.069907
1 0.485286 0.279630 0.029427 0.032407
1 0.324609 0.216898 0.028385 0.028241
1 0.977865 0.287500 0.044271 0.057407
1 0.874479 0.254398 0.040104 0.041204
2 0.938672 0.327083 0.018490 0.064352
2 0.788542 0.347917 0.015625 0.045833
1 0.752083 0.371296 0.044792 0.074074
