2 0.370773 0.641041 0.152174 0.284504
0 0.547705 0.744552 0.163043 0.292978
2 0.613527 0.653753 0.159420 0.302663
2 0.739734 0.605932 0.160628 0.257869
2 0.466787 0.518160 0.107488 0.288136
2 0.175725 0.636199 0.129227 0.267554
2 0.160628 0.862591 0.147343 0.274818
2 0.164855 0.468523 0.134058 0.263923
2 0.295290 0.507869 0.109903 0.294189
2 0.503019 0.327482 0.124396 0.238499
2 0.513889 0.240920 0.177536 0.230024
2 0.568237 0.424939 0.121981 0.261501
2 0.243357 0.243341 0.153382 0.200969
2 0.285628 0.140436 0.138889 0.186441
