4 0.596618 0.395365 0.144928 0.189607
0 0.768116 0.387640 0.142512 0.157303
2 0.778382 0.502107 0.148551 0.186798
4 0.868357 0.658708 0.154589 0.182584
2 0.469203 0.656601 0.155797 0.183989
2 0.378019 0.753511 0.181159 0.198034
2 0.482488 0.334972 0.126812 0.169944
2 0.491546 0.207865 0.140097 0.154494
2 0.299517 0.296348 0.094203 0.165730
2 0.698671 0.222612 0.134058 0.141854
2 0.557367 0.145365 0.085749 0.141854
1 0.751812 0.144663 0.334541 0.176966
0 0.467995 0.066011 0.102657 0.126404
2 0.422705 0.109551 0.089372 0.151685
2 0.884662 0.419944 0.136473 0.179775
2 0.800121 0.307584 0.124396 0.143258
2 0.708333 0.358848 0.134058 0.169944
2 0.145531 0.851124 0.170290 0.224719
2 0.772947 0.775281 0.135266 0.221910
2 0.958333 0.325843 0.056763 0.157303
