0 0.524155 0.370478 0.111111 0.136035
2 0.594203 0.420405 0.099034 0.137482
2 0.629227 0.579595 0.130435 0.166425
2 0.538647 0.598408 0.118357 0.189580
2 0.400966 0.644718 0.089372 0.204052
2 0.131039 0.610709 0.078502 0.188133
2 0.138889 0.517366 0.099034 0.146165
2 0.231884 0.455137 0.096618 0.151954
2 0.332729 0.416787 0.083333 0.138929
2 0.271739 0.377713 0.072464 0.112880
2 0.358696 0.359624 0.065217 0.137482
2 0.105676 0.350941 0.088164 0.117221
1 0.875000 0.691751 0.247585 0.193922
1 0.876208 0.546310 0.245169 0.154848
