0 0.352053 0.286441 0.179952 0.154802
2 0.521135 0.368362 0.158213 0.142373
2 0.670290 0.434463 0.171498 0.150282
2 0.856280 0.353107 0.094203 0.168362
2 0.693237 0.376271 0.108696 0.122034
2 0.490338 0.170056 0.082126 0.134463
0 0.823671 0.103390 0.128019 0.143503
0 0.115338 0.276271 0.134058 0.172881
2 0.324275 0.584746 0.119565 0.197740
0 0.117754 0.752542 0.177536 0.135593
0 0.112319 0.830508 0.169082 0.183051
0 0.120773 0.901130 0.118357 0.197740
2 0.305556 0.848588 0.106280 0.248588
2 0.354469 0.744068 0.160628 0.188701
2 0.513285 0.059887 0.062802 0.117514
2 0.203502 0.057062 0.066425 0.100565
2 0.574275 0.924859 0.158213 0.150282
2 0.420894 0.898305 0.136473 0.185311
