2 0.329710 0.605469 0.224638 0.091518
2 0.499396 0.557199 0.201691 0.082031
2 0.685990 0.535435 0.178744 0.079799
4 0.711353 0.566964 0.195652 0.083705
2 0.333333 0.529297 0.202899 0.071987
2 0.243357 0.511161 0.131643 0.082589
2 0.497585 0.498605 0.181159 0.079799
2 0.546498 0.426060 0.119565 0.067522
2 0.786232 0.374721 0.128019 0.063058
4 0.806763 0.416016 0.120773 0.067522
2 0.788647 0.498605 0.149758 0.073103
2 0.704710 0.479074 0.138889 0.064174
2 0.876208 0.430246 0.167874 0.059152
2 0.944444 0.362723 0.089372 0.060268
2 0.367150 0.341518 0.132850 0.061384
