0 0.194010 0.549769 0.066667 0.103241
4 0.199349 0.470833 0.047135 0.070370
4 0.435156 0.519444 0.021875 0.121296
2 0.422656 0.553241 0.025000 0.113889
2 0.355599 0.859491 0.047135 0.197685
2 0.426302 0.918287 0.053125 0.163426
2 0.407422 0.739815 0.036719 0.164815
2 0.439974 0.721991 0.031510 0.166204
2 0.455990 0.661111 0.026562 0.137037
2 0.498047 0.850231 0.045573 0.171759
2 0.503255 0.734028 0.032031 0.112500
2 0.509505 0.661343 0.033594 0.123611
2 0.514844 0.594213 0.026042 0.124537
2 0.535937 0.574306 0.025000 0.129167
2 0.562370 0.652546 0.033073 0.141204
2 0.554297 0.763426 0.034115 0.158333
2 0.610677 0.751389 0.039583 0.166667
2 0.591146 0.588889 0.025521 0.123148
2 0.623958 0.652083 0.030208 0.147685
2 0.561458 0.917130 0.041146 0.164815
2 0.639323 0.881713 0.054688 0.155093
2 0.699870 0.859028 0.049740 0.198611
2 0.763542 0.850694 0.053646 0.205093
2 0.709375 0.716667 0.044792 0.168519
2 0.717578 0.603241 0.029948 0.112037
2 0.698828 0.519907 0.033594 0.111111
2 0.475781 0.522917 0.026042 0.106944
2 0.516797 0.466204 0.019010 0.092593
2 0.397135 0.561111 0.026042 0.115741
2 0.339062 0.605787 0.028646 0.120833
2 0.326953 0.535880 0.020573 0.095833
2 0.328516 0.473148 0.023698 0.074074
2 0.326562 0.414120 0.016667 0.066204
2 0.301302 0.420602 0.022396 0.086574
2 0.356901 0.470833 0.020573 0.088889
2 0.374479 0.517361 0.022396 0.106944
2 0.375521 0.420370 0.015625 0.081481
2 0.348177 0.403241 0.016667 0.069444
2 0.392708 0.453704 0.016667 0.090741
2 0.414844 0.463657 0.015104 0.083796
2 0.441667 0.438194 0.015625 0.085648
2 0.469661 0.450926 0.023177 0.061111
2 0.484896 0.435185 0.015104 0.086111
2 0.459375 0.401852 0.017188 0.073148
2 0.414453 0.400694 0.017969 0.053241
2 0.434766 0.399769 0.015365 0.054167
2 0.450781 0.370370 0.012500 0.042593
2 0.392708 0.375231 0.016667 0.061574
3 0.593099 0.437269 0.116927 0.206944
1 0.723568 0.441667 0.086198 0.091667
1 0.633984 0.360648 0.057031 0.070370
1 0.724219 0.369444 0.079167 0.066667
5 0.643359 0.298148 0.059635 0.070370
3 0.558333 0.259954 0.081250 0.127315
2 0.526563 0.399306 0.013542 0.072685
2 0.497786 0.397685 0.017969 0.069444
2 0.366927 0.344213 0.013542 0.056944
2 0.353646 0.337269 0.014063 0.057870
2 0.343490 0.328472 0.013021 0.057870
1 0.823438 0.550231 0.097917 0.147685
2 0.909375 0.652778 0.036979 0.142593
1 0.159375 0.739120 0.140625 0.213426
1 0.496484 0.281019 0.037760 0.047222
2 0.738151 0.276157 0.016406 0.049537
1 0.814193 0.296296 0.060156 0.061111
2 0.707292 0.259028 0.016667 0.047685
1 0.458854 0.276157 0.026562 0.037500
1 0.506120 0.230556 0.025260 0.038889
2 0.231380 0.280324 0.021094 0.043981
2 0.282422 0.282870 0.020573 0.049074
2 0.104557 0.317593 0.041927 0.052778
2 0.924609 0.354861 0.024740 0.068056
2 0.951693 0.337269 0.022656 0.059722
2 0.776823 0.249306 0.014583 0.040278
1 0.855859 0.232639 0.054948 0.033796
2 0.881120 0.304861 0.018490 0.053241
0 0.753125 0.247917 0.010937 0.031944
2 0.663802 0.230556 0.010417 0.037963
2 0.683333 0.234954 0.010417 0.038426
2 0.906641 0.552315 0.044531 0.115741
