0 0.391667 0.543519 0.045833 0.105556
2 0.379948 0.655556 0.031771 0.168519
2 0.420573 0.703241 0.035937 0.173148
2 0.415365 0.582870 0.028646 0.128704
2 0.439323 0.534259 0.025521 0.105556
2 0.448958 0.648148 0.027083 0.155556
2 0.465365 0.600926 0.025521 0.125926
2 0.486198 0.728704 0.047396 0.187037
2 0.411198 0.873611 0.047396 0.145370
2 0.440104 0.925000 0.043750 0.150000
2 0.496094 0.901389 0.041146 0.175000
2 0.531771 0.844444 0.040625 0.209259
2 0.590885 0.756481 0.036979 0.194444
2 0.514323 0.597222 0.026562 0.124074
2 0.491927 0.529167 0.024479 0.123148
2 0.529687 0.532870 0.022917 0.125000
2 0.555990 0.473611 0.025521 0.108333
2 0.563021 0.623611 0.030208 0.152778
2 0.601823 0.927315 0.047396 0.145370
2 0.647656 0.884259 0.044271 0.214815
2 0.695312 0.833796 0.044792 0.200926
2 0.626823 0.657870 0.029687 0.134259
2 0.604688 0.589815 0.028125 0.135185
2 0.637500 0.546296 0.025000 0.124074
2 0.658333 0.627315 0.029167 0.143519
2 0.680990 0.589352 0.029687 0.115741
2 0.652604 0.494907 0.027083 0.099074
2 0.746354 0.918981 0.039583 0.162037
2 0.790365 0.907870 0.042188 0.175000
2 0.846875 0.857870 0.046875 0.152778
3 0.837500 0.612500 0.267708 0.425000
2 0.363281 0.502778 0.056771 0.096296
2 0.540885 0.743056 0.033854 0.125000
1 0.639583 0.371296 0.084375 0.140741
2 0.570573 0.401852 0.023438 0.087037
2 0.125781 0.740278 0.096354 0.167593
2 0.175781 0.465741 0.043229 0.100000
2 0.112500 0.467130 0.045833 0.108333
2 0.221875 0.443519 0.042708 0.109259
1 0.704688 0.334259 0.054167 0.081481
1 0.788021 0.354167 0.069792 0.082407
1 0.437500 0.287963 0.037500 0.057407
1 0.424479 0.206944 0.032292 0.052778
2 0.440885 0.383333 0.025521 0.081481
2 0.350781 0.407870 0.032813 0.086111
2 0.519531 0.360185 0.018229 0.088889
2 0.537760 0.375926 0.018229 0.087037
2 0.515625 0.209259 0.040625 0.048148
2 0.556510 0.269444 0.030729 0.053704
1 0.953385 0.307870 0.058854 0.056481
1 0.903385 0.264815 0.055729 0.061111
1 0.791146 0.224074 0.041667 0.050000
1 0.785677 0.177778 0.034896 0.042593
1 0.738281 0.196759 0.034896 0.065741
2 0.305208 0.448611 0.032292 0.102778
2 0.657813 0.246759 0.019792 0.047222
2 0.355469 0.284722 0.016146 0.054630
0 0.254167 0.419907 0.026042 0.100926
1 0.760677 0.299537 0.048438 0.045370
1 0.859375 0.387037 0.063542 0.096296
2 0.491667 0.367593 0.021875 0.074074
2 0.471354 0.313889 0.013542 0.064815
1 0.496615 0.167130 0.018229 0.036111
