2 0.428140 0.822679 0.100242 0.205479
2 0.553744 0.766362 0.080918 0.214612
2 0.309179 0.846271 0.125604 0.152207
2 0.307971 0.698630 0.130435 0.140030
2 0.466184 0.722222 0.111111 0.141553
0 0.521739 0.609589 0.106280 0.141553
4 0.602657 0.404871 0.099034 0.121766
2 0.775966 0.335616 0.066425 0.150685
2 0.463768 0.267123 0.057971 0.129376
2 0.550725 0.205479 0.067633 0.115677
2 0.475845 0.187976 0.060386 0.117199
2 0.576691 0.187976 0.061594 0.111111
2 0.707729 0.244292 0.084541 0.114155
2 0.718599 0.392694 0.048309 0.146119
2 0.380435 0.183409 0.062802 0.108067
2 0.418478 0.089802 0.047101 0.100457
1 0.541667 0.121766 0.196860 0.124810
1 0.757850 0.219939 0.228261 0.129376
2 0.843599 0.179604 0.047101 0.094368
2 0.840580 0.318113 0.050725 0.149163
4 0.910628 0.331050 0.060386 0.162861
2 0.756643 0.634703 0.100242 0.161339
2 0.299517 0.177321 0.065217 0.123288
1 0.429952 0.028158 0.157005 0.053272
