0 0.538647 0.640376 0.200483 0.232996
2 0.592995 0.715630 0.185990 0.244573
2 0.440821 0.837192 0.183575 0.221418
2 0.559179 0.881331 0.103865 0.228654
2 0.377415 0.774964 0.175121 0.247467
2 0.248792 0.747467 0.212560 0.218524
2 0.453502 0.246744 0.112319 0.192475
2 0.807971 0.281476 0.164251 0.198263
0 0.746377 0.123734 0.108696 0.189580
2 0.960145 0.261939 0.067633 0.196816
2 0.878623 0.211288 0.131643 0.159190
2 0.249396 0.670043 0.208937 0.199711
2 0.463768 0.074530 0.060386 0.134588
2 0.922101 0.089001 0.068841 0.175109
2 0.939010 0.461650 0.121981 0.144718
