0 0.461957 0.626087 0.105072 0.230435
2 0.298913 0.467391 0.066425 0.195652
2 0.349638 0.443478 0.066425 0.173913
2 0.421498 0.433696 0.065217 0.193478
2 0.448068 0.368478 0.060386 0.171739
4 0.545894 0.527174 0.072464 0.202174
2 0.602053 0.509783 0.059179 0.206522
2 0.720411 0.522826 0.078502 0.184783
2 0.576087 0.325000 0.067633 0.132609
2 0.794686 0.465217 0.091787 0.195652
2 0.825483 0.370652 0.080918 0.158696
2 0.670894 0.463043 0.071256 0.152174
2 0.307367 0.222826 0.059179 0.132609
2 0.382850 0.263043 0.057971 0.147826
2 0.214976 0.202174 0.048309 0.130435
2 0.173309 0.384783 0.064010 0.169565
2 0.687802 0.313043 0.056763 0.134783
2 0.486715 0.290217 0.077295 0.132609
2 0.440821 0.230435 0.045894 0.139130
