4 0.199275 0.675853 0.152174 0.196850
0 0.216787 0.471129 0.150966 0.170604
2 0.291063 0.568898 0.195652 0.166667
2 0.544082 0.450131 0.148551 0.152231
2 0.555556 0.535433 0.157005 0.165354
2 0.480072 0.645013 0.172705 0.190289
2 0.634662 0.297244 0.102657 0.153543
2 0.439614 0.278871 0.103865 0.148294
2 0.690821 0.353675 0.115942 0.158793
2 0.722826 0.416667 0.107488 0.150919
0 0.784420 0.341864 0.097826 0.124672
2 0.725242 0.527559 0.100242 0.162730
2 0.825483 0.446850 0.088164 0.166667
2 0.824879 0.911417 0.144928 0.158793
