0 0.687802 0.301399 0.150966 0.180420
0 0.240942 0.107692 0.076087 0.165035
4 0.527174 0.139860 0.109903 0.148252
4 0.513285 0.304196 0.149758 0.180420
1 0.840580 0.173427 0.309179 0.204196
2 0.778382 0.325874 0.131643 0.193007
2 0.608092 0.267133 0.153382 0.165035
2 0.338164 0.261538 0.130435 0.170629
2 0.386473 0.107692 0.077295 0.153846
2 0.392512 0.369930 0.166667 0.183217
2 0.444444 0.251748 0.084541 0.176224
2 0.752415 0.205594 0.094203 0.125874
2 0.336957 0.686014 0.149758 0.247552
2 0.403986 0.583916 0.126812 0.200000
2 0.380435 0.837063 0.099034 0.264336
2 0.292874 0.888112 0.092995 0.212587
2 0.190217 0.870629 0.131643 0.258741
2 0.092391 0.843357 0.109903 0.246154
2 0.158816 0.693706 0.201691 0.204196
2 0.583333 0.084615 0.108696 0.132867
2 0.397947 0.054545 0.105072 0.106294
