2 0.308073 0.889352 0.035937 0.150926
2 0.351562 0.915741 0.036458 0.159259
2 0.389583 0.956481 0.036458 0.087037
2 0.422396 0.933796 0.033333 0.123148
2 0.367188 0.833333 0.032292 0.111111
2 0.472656 0.951389 0.041146 0.097222
2 0.523438 0.938426 0.031250 0.113889
2 0.576302 0.926389 0.038021 0.147222
2 0.399479 0.817130 0.029167 0.136111
2 0.462500 0.867593 0.028125 0.114815
2 0.378906 0.765741 0.024479 0.092593
2 0.425781 0.770833 0.023438 0.115741
2 0.452344 0.809259 0.025521 0.094444
2 0.463021 0.761574 0.025000 0.089815
2 0.447396 0.704630 0.026042 0.090741
2 0.474740 0.723611 0.021354 0.089815
2 0.463802 0.652778 0.022396 0.072222
2 0.499740 0.701852 0.022396 0.085185
2 0.504948 0.764815 0.028646 0.090741
2 0.540104 0.768519 0.023958 0.122222
2 0.518750 0.720833 0.018750 0.082407
2 0.516667 0.850926 0.035417 0.138889
1 0.600521 0.854630 0.092708 0.161111
2 0.572135 0.737963 0.024479 0.094444
2 0.608594 0.740278 0.018229 0.065741
2 0.565104 0.652315 0.021875 0.065741
1 0.609115 0.702315 0.068229 0.110185
1 0.688281 0.775463 0.091146 0.123148
1 0.740625 0.883796 0.109375 0.178704
2 0.772917 0.765278 0.034375 0.128704
1 0.724219 0.695833 0.083854 0.121296
2 0.671875 0.687037 0.022917 0.048148
2 0.649740 0.666667 0.017188 0.100000
2 0.676562 0.629630 0.020833 0.059259
1 0.813021 0.685185 0.091667 0.124074
1 0.920833 0.802778 0.101042 0.140741
2 0.959375 0.745833 0.029167 0.093519
2 0.954167 0.953241 0.043750 0.093519
3 0.348438 0.603704 0.162500 0.211111
5 0.489583 0.556944 0.068750 0.147222
3 0.811979 0.550926 0.094792 0.138889
1 0.935156 0.693519 0.088021 0.100000
2 0.122396 0.708333 0.047917 0.103704
1 0.603125 0.456019 0.040625 0.056481
1 0.553125 0.494444 0.040625 0.064815
1 0.646094 0.522222 0.049479 0.062963
1 0.706250 0.563426 0.052083 0.073148
1 0.460938 0.425000 0.029167 0.038889
1 0.486719 0.408796 0.025521 0.030556
1 0.547656 0.444444 0.033854 0.040741
1 0.823438 0.413889 0.026042 0.037037
1 0.313021 0.391667 0.022917 0.033333
