0 0.606884 0.703641 0.148551 0.144482
4 0.450483 0.578498 0.132850 0.110353
0 0.677536 0.366325 0.128019 0.125142
0 0.414855 0.790102 0.080918 0.162685
2 0.544082 0.751991 0.080918 0.152446
2 0.798913 0.829920 0.165459 0.167235
2 0.308575 0.833333 0.083333 0.167235
2 0.507246 0.799204 0.082126 0.160410
2 0.464976 0.360068 0.125604 0.126280
2 0.376812 0.284983 0.055556 0.105802
2 0.577295 0.301479 0.106280 0.111490
2 0.706522 0.287258 0.111111 0.112628
2 0.816425 0.269056 0.118357 0.114903
2 0.493961 0.222412 0.074879 0.094425
2 0.437802 0.207622 0.068841 0.094425
2 0.365942 0.215017 0.067633 0.086462
2 0.256039 0.222981 0.057971 0.095563
2 0.263889 0.173493 0.066425 0.080774
1 0.353865 0.146189 0.195652 0.085324
1 0.592391 0.158703 0.184783 0.085324
4 0.574879 0.192264 0.057971 0.086462
1 0.907005 0.197952 0.185990 0.102389
1 0.422705 0.074516 0.178744 0.073948
2 0.956522 0.389078 0.086957 0.131968
