0 0.621377 0.567941 0.066425 0.201699
4 0.494565 0.516985 0.083333 0.188960
2 0.607488 0.752654 0.142512 0.201699
2 0.216787 0.439490 0.064010 0.174098
2 0.272343 0.412951 0.056763 0.159236
2 0.357488 0.416136 0.057971 0.157113
2 0.318841 0.365180 0.048309 0.144374
2 0.293478 0.265393 0.057971 0.127389
2 0.393720 0.245223 0.057971 0.133758
2 0.472222 0.274947 0.060386 0.138004
2 0.431763 0.387473 0.054348 0.142251
2 0.485507 0.397028 0.055556 0.135881
2 0.543478 0.498938 0.057971 0.182590
2 0.634662 0.491507 0.097826 0.171975
2 0.689010 0.443737 0.088164 0.169851
2 0.550725 0.307856 0.057971 0.135881
2 0.750604 0.374735 0.073671 0.142251
2 0.867754 0.493631 0.088164 0.146497
1 0.318237 0.178344 0.143720 0.101911
