3 0.668880 0.757407 0.212240 0.447222
2 0.257682 0.869213 0.037240 0.232870
2 0.331771 0.853009 0.036979 0.226389
2 0.395833 0.762731 0.034896 0.187500
2 0.433464 0.862731 0.035156 0.209722
2 0.481120 0.815046 0.038281 0.190278
2 0.441016 0.720602 0.029427 0.164352
2 0.412240 0.639583 0.026562 0.141204
2 0.345443 0.656713 0.035677 0.141204
2 0.432682 0.598843 0.022656 0.130093
2 0.494792 0.662731 0.031771 0.143981
2 0.472135 0.603704 0.021875 0.135185
2 0.511979 0.578241 0.030208 0.123148
2 0.364974 0.529398 0.021094 0.103241
2 0.337500 0.508102 0.022396 0.094907
2 0.401172 0.511111 0.018490 0.103704
2 0.795964 0.800000 0.042969 0.196296
2 0.864974 0.835880 0.046615 0.190278
2 0.893099 0.927778 0.048177 0.144444
2 0.949870 0.905787 0.045052 0.164352
1 0.889583 0.728009 0.156250 0.183796
2 0.976172 0.715972 0.041927 0.183796
2 0.947786 0.627546 0.034115 0.129167
2 0.749349 0.625000 0.032031 0.107407
2 0.773698 0.554398 0.026042 0.124537
2 0.812891 0.594676 0.031510 0.148611
2 0.849349 0.548843 0.022656 0.137500
2 0.863802 0.567130 0.023958 0.093519
2 0.881250 0.603704 0.032813 0.081481
1 0.689453 0.544213 0.086198 0.118056
1 0.547526 0.515278 0.071094 0.119444
1 0.763802 0.456250 0.095312 0.125463
1 0.824349 0.420833 0.098698 0.123148
2 0.603776 0.491667 0.024740 0.079630
2 0.628776 0.483796 0.025260 0.097222
2 0.663802 0.460648 0.019792 0.070370
2 0.707552 0.478935 0.025521 0.075463
2 0.681120 0.417361 0.020573 0.086574
2 0.633594 0.438194 0.017188 0.086574
2 0.596484 0.436806 0.018490 0.067130
2 0.459896 0.543981 0.021875 0.103704
2 0.481510 0.526389 0.023958 0.100000
2 0.370443 0.448380 0.022656 0.080093
0 0.402214 0.434954 0.023177 0.075463
2 0.460547 0.436111 0.017969 0.077778
2 0.494141 0.437500 0.019010 0.100000
1 0.538932 0.416204 0.063802 0.076852
3 0.286849 0.338194 0.136198 0.159722
1 0.666276 0.311574 0.046615 0.057407
2 0.912891 0.423611 0.048177 0.088889
2 0.729948 0.343287 0.049479 0.059722
1 0.976693 0.279167 0.046615 0.061111
1 0.547656 0.345833 0.048958 0.055556
1 0.523177 0.306019 0.034896 0.051852
1 0.564974 0.234722 0.028906 0.043519
1 0.599479 0.253935 0.047396 0.043981
1 0.594792 0.315046 0.036979 0.058796
1 0.501042 0.177083 0.031771 0.031944
1 0.472786 0.189120 0.021615 0.039352
2 0.366797 0.390278 0.016927 0.062037
2 0.342839 0.442130 0.019010 0.050000
2 0.421484 0.433102 0.017969 0.051389
2 0.425911 0.506481 0.022135 0.048148
2 0.761458 0.328472 0.018229 0.049537
2 0.802214 0.248148 0.020052 0.052778
1 0.555729 0.267361 0.033854 0.042130
2 0.394401 0.335185 0.013802 0.062963
4 0.216667 0.465741 0.019271 0.098148
1 0.644792 0.361806 0.046875 0.055093
2 0.419271 0.372685 0.015625 0.065741
2 0.432812 0.359028 0.011979 0.072685
2 0.443490 0.403241 0.016146 0.088889
2 0.472396 0.414815 0.015104 0.077778
2 0.457292 0.373843 0.014583 0.047685
2 0.480078 0.349537 0.012760 0.058333
2 0.516406 0.364352 0.012500 0.050000
