4 0.479297 0.672222 0.032031 0.109259
2 0.473438 0.763426 0.037500 0.171296
2 0.431641 0.786574 0.036198 0.175926
2 0.351823 0.760648 0.040625 0.167593
2 0.387109 0.714352 0.040885 0.158333
2 0.519010 0.782407 0.038542 0.161111
2 0.589453 0.832407 0.042969 0.175000
2 0.617969 0.718981 0.041146 0.156481
2 0.567187 0.724537 0.041667 0.139815
2 0.699089 0.902315 0.062240 0.162037
2 0.278516 0.571991 0.034115 0.122685
0 0.196224 0.559028 0.073177 0.088426
4 0.200000 0.479398 0.050521 0.064352
2 0.329557 0.626620 0.030990 0.125463
2 0.318750 0.540509 0.025521 0.106019
2 0.361068 0.579630 0.022135 0.109259
2 0.375130 0.526620 0.020052 0.099537
2 0.355078 0.492361 0.021094 0.088426
2 0.317839 0.399306 0.018490 0.080093
2 0.344010 0.398843 0.014063 0.071759
2 0.364844 0.411343 0.014583 0.061574
2 0.391667 0.438426 0.016146 0.085185
2 0.409635 0.480787 0.022917 0.084722
2 0.402995 0.560417 0.019531 0.099537
2 0.426953 0.598148 0.021615 0.091667
2 0.418490 0.670370 0.038542 0.118519
2 0.542578 0.884954 0.055469 0.175463
2 0.524349 0.637037 0.027865 0.121296
2 0.485026 0.595139 0.029427 0.117130
2 0.441406 0.552546 0.024479 0.105093
2 0.434896 0.468750 0.023438 0.085648
2 0.407943 0.396528 0.020573 0.060648
2 0.463932 0.472222 0.019531 0.071296
2 0.486328 0.500694 0.019010 0.080093
2 0.499870 0.479398 0.017969 0.081944
2 0.526302 0.553241 0.026042 0.069444
2 0.531901 0.506250 0.016927 0.078241
2 0.519141 0.460880 0.021615 0.081944
2 0.553125 0.467130 0.022396 0.092593
2 0.566927 0.557176 0.023958 0.107870
2 0.591667 0.616435 0.028646 0.120833
3 0.683854 0.586111 0.179688 0.300926
2 0.595443 0.457639 0.017969 0.073611
2 0.496094 0.423843 0.014583 0.059722
2 0.435417 0.394444 0.015625 0.064815
2 0.454167 0.442361 0.016146 0.082870
2 0.461979 0.381019 0.016667 0.072222
1 0.579948 0.391204 0.063021 0.092593
1 0.689583 0.445833 0.078125 0.093519
1 0.696094 0.360880 0.078125 0.099537
3 0.587109 0.307176 0.095573 0.157870
1 0.514323 0.323611 0.042188 0.062037
2 0.485026 0.397917 0.018490 0.054167
2 0.518099 0.396991 0.015365 0.054167
2 0.622526 0.931944 0.049219 0.136111
1 0.810026 0.477778 0.087760 0.126852
1 0.874870 0.616667 0.118490 0.162963
1 0.929948 0.324306 0.058854 0.060648
1 0.939323 0.510648 0.047396 0.085185
1 0.259375 0.899769 0.143229 0.200463
1 0.106250 0.767593 0.115104 0.231481
1 0.465495 0.310185 0.031510 0.053704
1 0.498958 0.274769 0.031771 0.039352
1 0.526302 0.257407 0.030208 0.048148
1 0.498828 0.239815 0.023698 0.028704
1 0.474089 0.234259 0.021094 0.025000
3 0.512370 0.201620 0.038802 0.037500
1 0.482031 0.204167 0.021354 0.027778
1 0.457943 0.216204 0.019010 0.026852
2 0.366797 0.333796 0.012240 0.057407
2 0.336719 0.352778 0.011458 0.050926
2 0.259896 0.292361 0.019271 0.037500
2 0.286458 0.283565 0.016667 0.043981
2 0.305990 0.281019 0.014583 0.044444
2 0.347917 0.268287 0.011458 0.040278
2 0.329818 0.268981 0.009635 0.038889
1 0.719401 0.269676 0.045573 0.042130
2 0.758203 0.294676 0.019010 0.048611
2 0.862370 0.334722 0.028906 0.066667
2 0.782031 0.273380 0.015625 0.040278
1 0.708594 0.222454 0.021875 0.029167
1 0.856380 0.244444 0.048177 0.040741
