3 0.285417 0.217130 0.206250 0.165741
2 0.367318 0.250926 0.028906 0.080556
1 0.342969 0.403935 0.180208 0.130093
1 0.216276 0.380787 0.178906 0.089352
2 0.454688 0.351389 0.065104 0.088889
2 0.489063 0.391204 0.054167 0.100000
2 0.520833 0.379630 0.042708 0.111111
2 0.567318 0.363657 0.046615 0.101389
2 0.588411 0.394213 0.051302 0.108796
2 0.599219 0.465509 0.080208 0.117130
2 0.639714 0.375926 0.052865 0.086111
2 0.678776 0.356481 0.051302 0.069444
2 0.730208 0.486806 0.074479 0.128241
1 0.717578 0.458796 0.170052 0.127778
2 0.765885 0.350926 0.060937 0.085185
2 0.831641 0.451389 0.059635 0.127778
2 0.822656 0.391667 0.065104 0.076852
2 0.901823 0.441667 0.069792 0.127778
2 0.965625 0.479398 0.065625 0.118056
2 0.420052 0.248148 0.015104 0.076852
2 0.436849 0.256019 0.020052 0.080556
2 0.462891 0.259491 0.021094 0.082870
2 0.516016 0.255324 0.022135 0.079167
2 0.496875 0.244907 0.019271 0.092593
1 0.560547 0.217593 0.059115 0.123148
2 0.606901 0.238194 0.015885 0.074537
2 0.627995 0.243750 0.018490 0.082870
2 0.662630 0.238889 0.031510 0.077778
2 0.683984 0.230324 0.023177 0.063426
2 0.708984 0.226157 0.020052 0.079167
2 0.737370 0.229630 0.016406 0.076852
1 0.761328 0.212037 0.050781 0.075926
0 0.879557 0.236574 0.048698 0.085185
2 0.922917 0.110648 0.013021 0.050000
1 0.685026 0.107407 0.036198 0.046296
1 0.523958 0.055093 0.022396 0.034259
1 0.450260 0.039815 0.023438 0.035185
1 0.827995 0.085417 0.031510 0.048611
1 0.827214 0.219444 0.054948 0.080556
2 0.981771 0.221296 0.036458 0.081481
