2 0.722826 0.672122 0.192029 0.296840
0 0.512681 0.633183 0.192029 0.243792
2 0.224034 0.626975 0.131643 0.265237
2 0.628019 0.471219 0.115942 0.238149
2 0.827295 0.577878 0.144928 0.309255
2 0.210145 0.857223 0.166667 0.276524
0 0.082126 0.677201 0.130435 0.316027
2 0.158816 0.429458 0.199275 0.183973
2 0.334541 0.509029 0.115942 0.246050
2 0.357488 0.718962 0.120773 0.234763
2 0.401570 0.889955 0.167874 0.202032
2 0.552536 0.809255 0.148551 0.191874
2 0.914855 0.497743 0.143720 0.234763
4 0.281401 0.264108 0.181159 0.252822
2 0.139493 0.173815 0.184783 0.189616
