0 0.187802 0.187742 0.129227 0.153548
0 0.190821 0.512903 0.132850 0.189677
2 0.300121 0.530323 0.131643 0.185806
2 0.425121 0.556129 0.132850 0.183226
2 0.496981 0.436129 0.107488 0.157419
0 0.814010 0.286452 0.091787 0.121290
0 0.827899 0.516129 0.073671 0.180645
2 0.903986 0.490323 0.068841 0.157419
2 0.967391 0.470323 0.053140 0.174194
2 0.361715 0.381290 0.160628 0.153548
2 0.253623 0.285806 0.103865 0.163871
0 0.955314 0.707097 0.089372 0.193548
2 0.901570 0.765806 0.107488 0.169032
2 0.943841 0.900645 0.092995 0.178065
