3 0.707031 0.737500 0.174479 0.399074
3 0.561458 0.567593 0.112500 0.240741
4 0.477865 0.659259 0.023438 0.140741
2 0.501302 0.813889 0.038021 0.200000
2 0.567708 0.787963 0.036458 0.175926
2 0.460156 0.918981 0.033854 0.162037
2 0.435937 0.855093 0.038542 0.206481
2 0.317188 0.758333 0.037500 0.174074
2 0.423958 0.662963 0.034375 0.129630
2 0.974479 0.868981 0.043750 0.162037
2 0.211458 0.674074 0.033333 0.148148
1 0.807552 0.674537 0.101562 0.195370
1 0.935417 0.669907 0.127083 0.178704
2 0.455208 0.612963 0.023958 0.120370
2 0.429688 0.538889 0.027083 0.094444
2 0.747656 0.583333 0.022396 0.070370
2 0.597917 0.923148 0.041667 0.140741
2 0.474219 0.569907 0.028646 0.093519
2 0.633333 0.526389 0.027083 0.080556
2 0.673958 0.484722 0.026042 0.091667
0 0.121354 0.538889 0.044792 0.096296
2 0.250521 0.496296 0.031250 0.096296
1 0.390365 0.483796 0.080729 0.125000
3 0.742188 0.374537 0.066667 0.139815
1 0.833854 0.437037 0.061458 0.096296
1 0.783854 0.462500 0.057292 0.086111
2 0.896875 0.462037 0.017708 0.085185
2 0.915365 0.466667 0.023438 0.101852
2 0.939844 0.468056 0.023438 0.099074
1 0.794010 0.263426 0.035937 0.041667
1 0.504687 0.235185 0.030208 0.053704
3 0.543229 0.331019 0.079167 0.121296
2 0.615365 0.347685 0.017188 0.058333
1 0.551302 0.414352 0.047396 0.065741
1 0.870573 0.329630 0.043229 0.044444
1 0.899219 0.354167 0.046354 0.060185
1 0.644792 0.406019 0.035417 0.075000
1 0.674219 0.441667 0.058854 0.088889
2 0.491146 0.470833 0.018750 0.084259
