0 0.376042 0.940278 0.076042 0.119444
2 0.858333 0.829167 0.080208 0.186111
2 0.548177 0.929167 0.099479 0.141667
1 0.590625 0.713889 0.216667 0.150000
1 0.310677 0.681944 0.213021 0.134259
1 0.451562 0.654167 0.119792 0.110185
1 0.751563 0.692130 0.117708 0.147222
1 0.940625 0.736111 0.118750 0.137037
1 0.896615 0.667593 0.163021 0.138889
3 0.414844 0.469444 0.184896 0.166667
2 0.311979 0.585185 0.061458 0.075926
2 0.571615 0.612963 0.057813 0.088889
2 0.672396 0.608796 0.055208 0.076852
1 0.805208 0.507407 0.050000 0.079630
1 0.695573 0.508333 0.051562 0.090741
2 0.928906 0.506944 0.023438 0.082407
2 0.860156 0.516204 0.017188 0.082407
2 0.886458 0.514352 0.020833 0.089815
2 0.958854 0.501852 0.019792 0.081481
2 0.729427 0.528241 0.021354 0.086111
2 0.758333 0.521759 0.016667 0.087963
3 0.604167 0.343519 0.047917 0.077778
2 0.154427 0.589815 0.056771 0.085185
1 0.876302 0.410185 0.046354 0.051852
1 0.679427 0.436111 0.039062 0.046296
1 0.745052 0.456019 0.057813 0.058333
1 0.819531 0.439352 0.032813 0.045370
1 0.764062 0.354630 0.038542 0.040741
