0 0.504227 0.457246 0.146135 0.184058
2 0.640097 0.521739 0.161836 0.200000
2 0.637681 0.650000 0.101449 0.239130
2 0.859300 0.448551 0.134058 0.215942
2 0.408213 0.436957 0.132850 0.192754
2 0.349638 0.382609 0.119565 0.185507
2 0.277174 0.276087 0.102657 0.172464
2 0.333937 0.260870 0.085749 0.165217
2 0.167271 0.212319 0.097826 0.169565
2 0.206522 0.184783 0.074879 0.175362
1 0.503019 0.216667 0.404589 0.279710
1 0.713768 0.222464 0.202899 0.192754
2 0.692633 0.423188 0.126812 0.197101
2 0.261473 0.768841 0.136473 0.198551
1 0.835145 0.134783 0.204106 0.139130
