0 0.697005 0.432639 0.076823 0.133796
1 0.910417 0.537731 0.171875 0.140278
2 0.684245 0.547222 0.077344 0.146296
2 0.585677 0.472222 0.069271 0.130556
2 0.537891 0.424537 0.057552 0.103704
2 0.509115 0.358796 0.071354 0.093519
2 0.292969 0.455093 0.069271 0.139815
2 0.351953 0.439120 0.062240 0.118056
2 0.208594 0.453935 0.069271 0.118056
1 0.309375 0.407176 0.184375 0.109722
1 0.199740 0.394676 0.060937 0.094907
2 0.636328 0.408796 0.067969 0.103704
2 0.655469 0.360648 0.071875 0.080556
2 0.796224 0.392361 0.061719 0.109722
2 0.969141 0.410880 0.061719 0.100463
4 0.903255 0.244213 0.034115 0.071759
2 0.129427 0.363194 0.056250 0.082870
2 0.215885 0.282176 0.041146 0.081944
2 0.332422 0.283333 0.016406 0.093519
2 0.348177 0.265741 0.015104 0.085185
2 0.362891 0.269213 0.020052 0.097685
2 0.390625 0.272917 0.016667 0.080093
2 0.412109 0.269213 0.018490 0.082870
2 0.426563 0.258333 0.015625 0.085185
2 0.440365 0.249074 0.013021 0.076852
2 0.454688 0.253009 0.014583 0.086574
2 0.468750 0.263657 0.015104 0.086574
2 0.497526 0.270602 0.019010 0.082870
2 0.519141 0.262037 0.018490 0.087963
2 0.542839 0.256019 0.016406 0.077778
2 0.571484 0.252315 0.027344 0.080556
1 0.632552 0.224306 0.064583 0.090278
2 0.670964 0.226157 0.016406 0.074537
2 0.687630 0.240278 0.018490 0.073148
2 0.711979 0.241898 0.019271 0.074537
1 0.728125 0.220602 0.056771 0.070833
2 0.766927 0.227315 0.015104 0.074074
2 0.792839 0.229861 0.031510 0.091204
1 0.569792 0.229861 0.050000 0.079167
1 0.522917 0.085648 0.024479 0.038889
1 0.572917 0.160417 0.028646 0.047685
1 0.656510 0.076852 0.023438 0.031481
1 0.972917 0.200463 0.054167 0.081481
1 0.047005 0.434491 0.085677 0.110648
2 0.279297 0.267824 0.037760 0.079167
2 0.327214 0.131944 0.011719 0.046296
3 0.470182 0.132407 0.038281 0.093519
2 0.516667 0.151389 0.017708 0.058333
2 0.538802 0.148148 0.015104 0.057407
2 0.927995 0.196296 0.017969 0.077778
2 0.150130 0.288194 0.044010 0.091204
2 0.078516 0.314352 0.048698 0.085185
1 0.438672 0.121296 0.020573 0.042593
1 0.689844 0.048843 0.021354 0.031944
1 0.604427 0.130556 0.032813 0.036111
1 0.877344 0.128704 0.036979 0.054630
2 0.807422 0.117130 0.016406 0.053704
1 0.432422 0.046991 0.013802 0.025463
1 0.495182 0.067130 0.024219 0.038889
