2 0.185417 0.931019 0.071875 0.134259
2 0.337760 0.780556 0.041146 0.129630
2 0.342448 0.905556 0.047396 0.159259
2 0.405729 0.747685 0.040625 0.141667
1 0.479948 0.783333 0.108854 0.212963
2 0.525260 0.932870 0.045312 0.128704
2 0.589323 0.935185 0.045312 0.129630
2 0.613802 0.748148 0.032813 0.161111
2 0.658333 0.803241 0.040625 0.132407
2 0.659375 0.906019 0.048958 0.143519
2 0.415625 0.653704 0.034375 0.109259
2 0.239323 0.613426 0.029687 0.099074
2 0.208333 0.581944 0.026042 0.084259
2 0.238802 0.530093 0.020313 0.073148
2 0.263281 0.551389 0.018229 0.104630
3 0.351042 0.536111 0.159375 0.270370
3 0.400781 0.356944 0.063021 0.086111
1 0.448958 0.465278 0.038542 0.082407
1 0.526302 0.578241 0.061979 0.149074
1 0.514062 0.474537 0.057292 0.082407
1 0.636198 0.538889 0.064062 0.127778
2 0.579688 0.657407 0.027083 0.124074
2 0.651823 0.662963 0.033854 0.137037
2 0.596615 0.588426 0.025521 0.097222
2 0.579427 0.537037 0.020313 0.094444
2 0.603385 0.481019 0.017188 0.082407
1 0.141667 0.737500 0.160417 0.241667
1 0.227604 0.835185 0.151042 0.207407
1 0.586719 0.455556 0.018229 0.085185
2 0.585677 0.453704 0.018229 0.085185
1 0.513802 0.407407 0.042188 0.064815
1 0.500521 0.381019 0.028125 0.063889
1 0.622917 0.409259 0.044792 0.079630
1 0.492448 0.347685 0.029687 0.047222
1 0.552604 0.300463 0.022917 0.041667
1 0.615365 0.329167 0.029687 0.049074
