0 0.914251 0.766029 0.161836 0.148481
2 0.374396 0.910574 0.101449 0.172103
2 0.425725 0.870641 0.107488 0.202475
2 0.480072 0.800337 0.085749 0.185602
2 0.558575 0.713161 0.085749 0.188976
2 0.655193 0.682227 0.078502 0.160855
2 0.679348 0.817773 0.121981 0.222722
2 0.615942 0.857143 0.130435 0.204724
2 0.592391 0.912261 0.146135 0.170979
2 0.775966 0.820022 0.121981 0.211474
2 0.489130 0.651856 0.074879 0.165354
2 0.798309 0.260405 0.125604 0.109111
2 0.732488 0.233408 0.105072 0.131609
2 0.836957 0.095613 0.091787 0.096738
2 0.945652 0.214286 0.108696 0.120360
2 0.951087 0.151856 0.066425 0.087739
2 0.947464 0.415636 0.083333 0.120360
