0 0.571256 0.478443 0.154589 0.192814
2 0.690217 0.546108 0.208937 0.191617
2 0.750000 0.488024 0.137681 0.173653
2 0.764493 0.439521 0.185990 0.196407
2 0.769324 0.398204 0.169082 0.185629
2 0.717995 0.674251 0.112319 0.222754
2 0.454106 0.452695 0.152174 0.196407
2 0.571860 0.377246 0.160628 0.165269
2 0.379831 0.398802 0.134058 0.198802
2 0.248792 0.287425 0.120773 0.172455
2 0.327899 0.270659 0.095411 0.167665
2 0.121377 0.225150 0.109903 0.170060
2 0.091787 0.132934 0.089372 0.134132
2 0.176329 0.177246 0.079710 0.160479
1 0.559783 0.216168 0.491546 0.269461
2 0.220411 0.808383 0.167874 0.184431
2 0.373792 0.797605 0.129227 0.189222
1 0.786836 0.214970 0.278986 0.197605
2 0.936594 0.443114 0.119565 0.205988
