3 0.194531 0.492130 0.222396 0.341667
0 0.539844 0.612500 0.033854 0.162037
1 0.622917 0.668056 0.107292 0.276852
1 0.651563 0.501852 0.067708 0.150000
1 0.396875 0.488889 0.086458 0.133333
1 0.420573 0.363889 0.058854 0.085185
2 0.298698 0.531481 0.032813 0.137037
2 0.457292 0.667593 0.039583 0.151852
2 0.287240 0.748148 0.036979 0.201852
2 0.369010 0.786574 0.045312 0.213889
2 0.423438 0.884722 0.048958 0.217593
2 0.475781 0.898148 0.050521 0.200000
2 0.346875 0.926852 0.051042 0.146296
2 0.112500 0.898611 0.056250 0.193519
2 0.129948 0.783333 0.054688 0.150000
2 0.032292 0.880093 0.063542 0.197222
2 0.018490 0.667130 0.035937 0.167593
2 0.452083 0.549537 0.029167 0.126852
2 0.481771 0.563889 0.031250 0.127778
2 0.524740 0.566667 0.029687 0.103704
0 0.532031 0.489815 0.030729 0.101852
2 0.466406 0.487037 0.026562 0.087037
2 0.491406 0.474074 0.019271 0.105556
2 0.489323 0.412500 0.023438 0.069444
2 0.527344 0.425926 0.022396 0.072222
2 0.573177 0.463889 0.022396 0.116667
2 0.573177 0.365278 0.017188 0.080556
2 0.589063 0.339815 0.017708 0.090741
2 0.619531 0.372685 0.028646 0.099074
2 0.685937 0.424074 0.021875 0.090741
2 0.670052 0.379630 0.023438 0.088889
2 0.664062 0.331481 0.018750 0.068519
2 0.648438 0.307870 0.013542 0.075000
1 0.594531 0.282870 0.046354 0.069444
2 0.560156 0.327315 0.016146 0.086111
2 0.533854 0.383796 0.019792 0.069444
2 0.503906 0.379167 0.020313 0.080556
2 0.518490 0.351852 0.018229 0.066667
2 0.482552 0.346296 0.022396 0.081481
0 0.513542 0.298148 0.020833 0.062963
2 0.357031 0.429630 0.025521 0.096296
2 0.346094 0.371759 0.023438 0.100926
2 0.330208 0.330093 0.017708 0.087963
2 0.347135 0.301389 0.018229 0.080556
2 0.389844 0.341667 0.020313 0.074074
2 0.452604 0.301852 0.018750 0.064815
5 0.541146 0.199074 0.044792 0.100000
1 0.481250 0.256481 0.041667 0.066667
3 0.510417 0.125926 0.038542 0.092593
1 0.363542 0.175000 0.034375 0.055556
1 0.414062 0.163426 0.028125 0.052778
1 0.446094 0.136574 0.021354 0.036111
1 0.581250 0.186574 0.029167 0.052778
2 0.372656 0.254167 0.015104 0.039815
