0 0.511473 0.489826 0.131643 0.200581
2 0.353261 0.567587 0.192029 0.199128
2 0.181159 0.553052 0.084541 0.207849
2 0.128623 0.473110 0.078502 0.202035
2 0.149155 0.351017 0.083333 0.167151
2 0.265097 0.310320 0.124396 0.172965
0 0.379831 0.307413 0.112319 0.178779
4 0.414855 0.202035 0.105072 0.148256
2 0.756643 0.252180 0.100242 0.161337
2 0.760266 0.576308 0.112319 0.222384
1 0.587560 0.385901 0.324879 0.213663
2 0.684783 0.319041 0.091787 0.135174
0 0.212560 0.856831 0.164251 0.271802
2 0.596014 0.807413 0.131643 0.239826
