4 0.481884 0.575391 0.108696 0.160740
2 0.428140 0.524182 0.131643 0.155050
2 0.283213 0.605974 0.155797 0.150782
0 0.149758 0.561878 0.144928 0.159317
2 0.355676 0.403272 0.097826 0.149360
2 0.170290 0.435989 0.118357 0.126600
2 0.873188 0.882646 0.108696 0.220484
2 0.953502 0.732575 0.071256 0.193457
2 0.817029 0.618065 0.064010 0.177809
0 0.895531 0.523471 0.054348 0.173542
2 0.514493 0.468706 0.120773 0.115220
2 0.631039 0.424609 0.105072 0.129445
2 0.638889 0.202703 0.074879 0.129445
2 0.045290 0.688478 0.088164 0.125178
