0 0.848047 0.527083 0.033594 0.091204
1 0.661589 0.722454 0.133594 0.199537
1 0.735677 0.626389 0.119792 0.177778
1 0.747266 0.530556 0.096615 0.130556
1 0.776432 0.412963 0.091927 0.107407
3 0.461979 0.327778 0.058854 0.150926
1 0.536589 0.408796 0.061719 0.118519
1 0.642448 0.390509 0.067708 0.103241
1 0.666667 0.341204 0.054688 0.080556
0 0.646615 0.439352 0.023958 0.064815
0 0.189844 0.534954 0.052083 0.099537
4 0.204167 0.445370 0.036979 0.066667
2 0.230469 0.832176 0.056771 0.172685
2 0.122005 0.748611 0.072656 0.176852
2 0.347005 0.804861 0.044531 0.191204
2 0.417969 0.830324 0.036979 0.128241
2 0.369922 0.699074 0.029427 0.170370
2 0.422526 0.695602 0.033594 0.136574
2 0.466406 0.755324 0.034896 0.172685
2 0.445703 0.632407 0.029427 0.131481
2 0.394141 0.623380 0.024740 0.132870
2 0.333333 0.597222 0.028125 0.138889
2 0.294010 0.550231 0.034375 0.125463
2 0.234766 0.537963 0.059635 0.103704
4 0.330990 0.355787 0.019271 0.068056
2 0.517839 0.842361 0.048698 0.191204
2 0.604036 0.868750 0.044531 0.205093
2 0.565104 0.756713 0.039062 0.168056
2 0.526432 0.759259 0.029948 0.141667
2 0.492708 0.694676 0.034375 0.156019
2 0.457813 0.562500 0.024479 0.115741
2 0.428646 0.521528 0.023958 0.105093
2 0.408464 0.553704 0.022135 0.111111
2 0.383333 0.516667 0.017188 0.092593
2 0.351562 0.525694 0.026042 0.130093
2 0.370443 0.481250 0.018490 0.097685
2 0.344661 0.421065 0.017969 0.083796
2 0.385547 0.428935 0.015885 0.075463
2 0.400911 0.458102 0.014844 0.087500
2 0.411589 0.408796 0.015885 0.074074
2 0.360156 0.365509 0.017188 0.075463
2 0.589714 0.583565 0.026823 0.129167
2 0.570833 0.657870 0.026042 0.107407
2 0.556120 0.493981 0.024219 0.096296
2 0.506771 0.505093 0.017188 0.084259
2 0.475911 0.406944 0.018490 0.080556
2 0.603516 0.549537 0.022656 0.114815
2 0.666536 0.550000 0.026823 0.123148
2 0.616406 0.473380 0.021354 0.095833
2 0.564323 0.369213 0.017188 0.078241
2 0.495833 0.551389 0.021354 0.096296
1 0.888932 0.659954 0.109635 0.206019
1 0.916016 0.300463 0.070573 0.066667
5 0.776172 0.240046 0.066406 0.090278
2 0.674740 0.257870 0.030729 0.054630
1 0.442839 0.212731 0.024740 0.035648
2 0.222396 0.270139 0.030729 0.059722
2 0.288151 0.266898 0.014323 0.048611
1 0.390365 0.216435 0.021354 0.040278
1 0.478385 0.235417 0.023438 0.041204
1 0.434766 0.164583 0.018490 0.031944
