2 0.433854 0.908333 0.045312 0.181481
2 0.284505 0.921528 0.054948 0.156944
2 0.586979 0.892593 0.051562 0.196296
2 0.801432 0.787731 0.044531 0.181944
2 0.858333 0.745139 0.037500 0.176389
3 0.623958 0.642130 0.176042 0.392593
2 0.424870 0.708565 0.033073 0.176389
2 0.342318 0.712269 0.035156 0.179167
2 0.286068 0.688426 0.044531 0.182407
2 0.456771 0.667130 0.034896 0.162037
2 0.387891 0.634259 0.035677 0.142593
2 0.426953 0.596296 0.022135 0.108333
2 0.353906 0.560417 0.036458 0.129167
2 0.364844 0.480787 0.023958 0.101389
2 0.411198 0.542824 0.023438 0.095833
2 0.486198 0.580556 0.028125 0.150000
2 0.459115 0.532639 0.026042 0.121759
2 0.429688 0.512963 0.024479 0.092593
2 0.728776 0.678009 0.029427 0.167130
2 0.742188 0.628704 0.031771 0.138889
1 0.532161 0.471528 0.062240 0.117130
1 0.829297 0.627546 0.117969 0.136574
2 0.769922 0.517824 0.025260 0.114352
2 0.733203 0.493287 0.024740 0.102315
2 0.802083 0.523380 0.030729 0.076389
2 0.883594 0.592130 0.039062 0.138889
2 0.972396 0.644676 0.036979 0.163426
1 0.665104 0.479630 0.071875 0.081481
3 0.337891 0.308333 0.105469 0.155556
2 0.342708 0.417361 0.017708 0.091204
2 0.371484 0.411343 0.017969 0.083796
0 0.403646 0.402083 0.016667 0.078241
2 0.400260 0.465046 0.017708 0.098611
1 0.656901 0.288889 0.041927 0.058333
2 0.912760 0.412037 0.052083 0.095370
2 0.140495 0.386343 0.035677 0.080093
1 0.976693 0.270602 0.046615 0.056019
1 0.797005 0.391898 0.086198 0.122685
1 0.558594 0.216435 0.028646 0.044907
1 0.532552 0.387500 0.052083 0.073148
1 0.727865 0.411806 0.075521 0.102315
1 0.865495 0.269444 0.020573 0.061111
1 0.540365 0.321296 0.039062 0.054630
1 0.632552 0.335185 0.054688 0.065741
1 0.712109 0.315741 0.039844 0.058333
4 0.219401 0.425231 0.027344 0.094907
1 0.503385 0.159722 0.030729 0.026852
1 0.588411 0.292593 0.040365 0.049074
2 0.949219 0.571528 0.034375 0.160648
2 0.514714 0.952778 0.053385 0.094444
2 0.463542 0.382176 0.013021 0.074537
2 0.043229 0.420602 0.039583 0.090278
2 0.425391 0.343750 0.012760 0.060648
2 0.417448 0.321991 0.011458 0.058796
2 0.403906 0.311574 0.011979 0.063889
2 0.491667 0.334028 0.013021 0.054167
1 0.517969 0.285648 0.033333 0.054630
1 0.548047 0.254630 0.033594 0.047222
1 0.589193 0.236806 0.042448 0.043981
1 0.605990 0.273843 0.036458 0.052315
2 0.604818 0.426620 0.017448 0.065278
2 0.637630 0.412037 0.016927 0.066667
2 0.672786 0.336343 0.012760 0.069907
2 0.359505 0.175926 0.010677 0.031481
2 0.334115 0.166667 0.013542 0.028704
2 0.433984 0.161806 0.007552 0.031944
2 0.411328 0.176620 0.007552 0.030093
2 0.405208 0.162269 0.007292 0.027315
2 0.385156 0.183565 0.007292 0.019907
