3 0.630990 0.571759 0.119271 0.249074
3 0.510677 0.489352 0.084896 0.175000
2 0.521615 0.893981 0.039062 0.199074
2 0.567448 0.748148 0.039062 0.151852
2 0.603125 0.925000 0.047917 0.150000
2 0.731250 0.768519 0.035417 0.155556
2 0.688542 0.847685 0.031250 0.156481
2 0.645573 0.900463 0.041146 0.182407
2 0.714844 0.925926 0.039062 0.142593
2 0.760938 0.893981 0.039583 0.136111
2 0.790365 0.829630 0.041146 0.137037
2 0.859635 0.880093 0.043229 0.165741
2 0.891146 0.946296 0.042708 0.107407
2 0.863542 0.780093 0.038542 0.119444
1 0.770573 0.709259 0.092188 0.148148
1 0.872917 0.619444 0.101042 0.146296
2 0.463021 0.853704 0.039583 0.161111
2 0.526563 0.763889 0.039583 0.124074
2 0.483594 0.694444 0.030729 0.150000
2 0.349219 0.719444 0.045312 0.150000
2 0.422917 0.712963 0.034375 0.129630
1 0.705469 0.549537 0.071354 0.125000
2 0.782813 0.575926 0.029167 0.111111
2 0.807552 0.630093 0.029687 0.108333
2 0.877865 0.519907 0.029687 0.065741
2 0.749479 0.531481 0.023958 0.105556
2 0.511198 0.661111 0.029687 0.112963
2 0.449740 0.620370 0.021354 0.111111
2 0.703646 0.782870 0.029167 0.110185
4 0.465885 0.559722 0.020313 0.087963
2 0.406510 0.543056 0.023438 0.113889
2 0.439063 0.512500 0.013542 0.091667
2 0.453906 0.500463 0.019271 0.084259
2 0.184635 0.533333 0.043229 0.094444
1 0.966927 0.557407 0.066146 0.127778
1 0.857292 0.486574 0.062500 0.095370
3 0.688281 0.333333 0.065104 0.112963
1 0.748437 0.393981 0.048958 0.076852
3 0.517708 0.322685 0.067708 0.099074
1 0.618490 0.323611 0.027604 0.056481
2 0.801823 0.435185 0.017188 0.061111
1 0.796875 0.275000 0.031250 0.042593
1 0.845833 0.343519 0.040625 0.050000
1 0.896875 0.374074 0.053125 0.048148
1 0.528125 0.268056 0.025000 0.034259
