0 0.249396 0.700920 0.153382 0.158487
2 0.399155 0.864519 0.213768 0.223926
2 0.333937 0.807771 0.175121 0.206544
2 0.174517 0.853272 0.163043 0.205521
2 0.558575 0.748466 0.175121 0.196319
2 0.711957 0.690695 0.092995 0.217791
2 0.437198 0.699898 0.152174 0.178937
2 0.600242 0.614008 0.130435 0.189162
2 0.659420 0.497444 0.130435 0.140082
2 0.544686 0.211145 0.079710 0.133947
2 0.924517 0.364008 0.143720 0.141104
2 0.793478 0.180470 0.120773 0.127812
2 0.661836 0.168200 0.084541 0.121677
2 0.560386 0.159509 0.091787 0.122699
2 0.603865 0.065440 0.077295 0.102249
2 0.440821 0.149284 0.101449 0.122699
1 0.443237 0.099182 0.265700 0.114519
1 0.818841 0.089468 0.323671 0.129857
1 0.771135 0.287321 0.143720 0.134969
