0 0.512681 0.534296 0.112319 0.178099
2 0.690821 0.463899 0.128019 0.160048
2 0.629227 0.414561 0.082126 0.116727
2 0.856280 0.440433 0.089372 0.151625
2 0.767512 0.277377 0.121981 0.116727
2 0.419082 0.384477 0.103865 0.138387
2 0.713768 0.703369 0.210145 0.196149
2 0.846618 0.637184 0.188406 0.169675
2 0.449275 0.235860 0.082126 0.115523
1 0.573671 0.202768 0.164251 0.109507
1 0.694444 0.238869 0.130435 0.090253
2 0.955314 0.297834 0.089372 0.114320
1 0.359903 0.297232 0.077295 0.093863
2 0.476449 0.691937 0.187198 0.154031
2 0.944444 0.549940 0.111111 0.178099
