5 0.294010 0.767130 0.228646 0.447222
1 0.467969 0.828241 0.122396 0.275000
3 0.241406 0.441204 0.232813 0.382407
3 0.542188 0.304630 0.086458 0.190741
2 0.577083 0.831481 0.035417 0.203704
2 0.658594 0.851852 0.041146 0.198148
2 0.685417 0.908333 0.050000 0.174074
2 0.742448 0.863426 0.044271 0.206481
2 0.711198 0.786111 0.036979 0.174074
2 0.647656 0.741667 0.034896 0.133333
2 0.604427 0.726852 0.032813 0.150000
2 0.558333 0.719444 0.033333 0.192593
2 0.497396 0.652315 0.023958 0.113889
2 0.708073 0.661111 0.031771 0.124074
2 0.675000 0.643519 0.022917 0.138889
2 0.652083 0.649074 0.027083 0.079630
2 0.618229 0.646759 0.023958 0.087963
2 0.593229 0.577315 0.023958 0.123148
2 0.534375 0.644907 0.021875 0.128704
2 0.515625 0.593981 0.022917 0.099074
2 0.439323 0.649537 0.029687 0.123148
2 0.472656 0.609259 0.020313 0.085185
2 0.604427 0.504167 0.023438 0.100926
1 0.669271 0.544907 0.079167 0.175000
2 0.717448 0.519444 0.023438 0.129630
2 0.702604 0.418519 0.020833 0.087037
1 0.433073 0.488426 0.089063 0.152778
2 0.454948 0.553241 0.018229 0.100926
2 0.493490 0.558333 0.021354 0.098148
2 0.496615 0.658333 0.025521 0.101852
2 0.149219 0.912500 0.036979 0.175000
2 0.083854 0.856481 0.058333 0.161111
2 0.031771 0.800926 0.062500 0.137037
2 0.090104 0.590278 0.038542 0.139815
2 0.379427 0.453704 0.028646 0.103704
2 0.535156 0.542593 0.024479 0.087037
2 0.517708 0.505556 0.023958 0.101852
2 0.550260 0.512963 0.019271 0.087037
2 0.584115 0.542130 0.021354 0.104630
2 0.559375 0.569444 0.021875 0.087037
1 0.407813 0.372222 0.076042 0.118519
2 0.469010 0.394907 0.022396 0.097222
2 0.195312 0.674537 0.036458 0.158333
2 0.356771 0.486574 0.021875 0.076852
2 0.534896 0.396759 0.020833 0.080556
2 0.620052 0.407870 0.017188 0.095370
1 0.656771 0.445370 0.072917 0.125926
1 0.432812 0.191204 0.042708 0.073148
1 0.516406 0.201389 0.036979 0.063889
1 0.655990 0.348611 0.051562 0.071296
1 0.645312 0.298611 0.051042 0.060185
1 0.653646 0.262037 0.043750 0.055556
2 0.697396 0.338889 0.016667 0.066667
1 0.578906 0.190741 0.041146 0.042593
1 0.600781 0.153704 0.024479 0.038889
1 0.388281 0.236111 0.064062 0.074074
2 0.746354 0.727778 0.036458 0.161111
1 0.541406 0.148148 0.025521 0.033333
