0 0.837560 0.362861 0.107488 0.135171
0 0.248792 0.561680 0.159420 0.154856
0 0.149758 0.677822 0.144928 0.182415
4 0.184783 0.723753 0.152174 0.195538
0 0.309179 0.747375 0.144928 0.203412
2 0.420290 0.774278 0.193237 0.162730
2 0.409420 0.602362 0.149758 0.160105
2 0.564614 0.683071 0.163043 0.156168
2 0.602657 0.606299 0.144928 0.128609
2 0.716787 0.662730 0.134058 0.170604
2 0.799517 0.572835 0.147343 0.161417
2 0.778382 0.336614 0.085749 0.129921
2 0.872585 0.709318 0.134058 0.166667
2 0.925121 0.528871 0.103865 0.139108
2 0.960145 0.567585 0.079710 0.145669
