3 0.146615 0.695833 0.220312 0.345370
2 0.188542 0.812963 0.044792 0.162963
2 0.248958 0.814352 0.039583 0.173148
2 0.340885 0.815278 0.039062 0.171296
2 0.312240 0.709259 0.036979 0.144444
2 0.407031 0.882407 0.035937 0.181481
2 0.473958 0.932870 0.036458 0.134259
2 0.530469 0.827315 0.029687 0.173148
2 0.482031 0.798148 0.027604 0.161111
2 0.464062 0.753704 0.028125 0.144444
2 0.614583 0.679630 0.033333 0.135185
2 0.675521 0.689352 0.029167 0.136111
2 0.548698 0.697222 0.025521 0.109259
2 0.581250 0.638426 0.023958 0.125000
2 0.504167 0.714352 0.020833 0.130556
0 0.527083 0.630093 0.022917 0.126852
2 0.482292 0.660185 0.022917 0.105556
1 0.414062 0.658796 0.089583 0.156481
1 0.617448 0.565741 0.061979 0.114815
2 0.536719 0.555093 0.023438 0.080556
2 0.462760 0.522222 0.018229 0.100000
2 0.488542 0.534259 0.020833 0.079630
2 0.580208 0.485648 0.021875 0.069444
2 0.611458 0.420370 0.039583 0.077778
2 0.521354 0.485648 0.015625 0.075000
2 0.564323 0.465741 0.018229 0.075926
2 0.536458 0.440741 0.014583 0.061111
1 0.392708 0.553241 0.075000 0.084259
2 0.305729 0.620370 0.022917 0.098148
2 0.318750 0.571759 0.022917 0.080556
1 0.332813 0.506481 0.076042 0.112963
1 0.429688 0.472685 0.056250 0.093519
2 0.090885 0.901389 0.064062 0.145370
3 0.579688 0.354630 0.054167 0.138889
2 0.261719 0.485185 0.034896 0.068519
2 0.225521 0.481944 0.040625 0.075000
1 0.515625 0.380556 0.036458 0.053704
2 0.466667 0.425463 0.017708 0.067593
1 0.434635 0.405093 0.033854 0.054630
2 0.408854 0.375463 0.016667 0.049074
1 0.541146 0.333333 0.021875 0.051852
