0 0.879831 0.355584 0.083333 0.136072
2 0.814010 0.337612 0.077295 0.123235
0 0.349034 0.529525 0.137681 0.160462
0 0.190821 0.664313 0.091787 0.175866
0 0.339976 0.734275 0.172705 0.187420
4 0.240338 0.691271 0.099034 0.175866
2 0.086353 0.643132 0.121981 0.179718
2 0.487319 0.761232 0.179952 0.146341
2 0.577295 0.668164 0.144928 0.129653
2 0.460145 0.585366 0.147343 0.154044
2 0.640700 0.593710 0.138889 0.142490
2 0.742754 0.656611 0.144928 0.157895
2 0.822464 0.559692 0.137681 0.128370
2 0.897343 0.700899 0.135266 0.156611
2 0.963768 0.571887 0.072464 0.150193
2 0.926932 0.531451 0.076087 0.154044
