3 0.456510 0.650000 0.185938 0.394444
1 0.144271 0.787500 0.169792 0.212037
1 0.606250 0.758333 0.104167 0.231481
1 0.336979 0.541204 0.071875 0.108333
1 0.505729 0.408796 0.047917 0.084259
1 0.549479 0.375926 0.042708 0.075926
2 0.657552 0.656481 0.028646 0.135185
2 0.562760 0.942130 0.056771 0.106481
2 0.442188 0.926389 0.046875 0.147222
2 0.384375 0.928704 0.052083 0.129630
2 0.240625 0.937037 0.056250 0.122222
2 0.298958 0.714352 0.037500 0.158333
2 0.352083 0.709259 0.041667 0.148148
2 0.089063 0.751852 0.033333 0.096296
2 0.074740 0.714352 0.042188 0.132407
2 0.119271 0.693519 0.033333 0.088889
2 0.141146 0.652778 0.036458 0.096296
2 0.189583 0.612963 0.029167 0.101852
2 0.231771 0.620370 0.030208 0.116667
2 0.262760 0.570370 0.031771 0.109259
2 0.295052 0.514815 0.018229 0.081481
2 0.272396 0.499537 0.025000 0.073148
0 0.637500 0.567593 0.026042 0.111111
2 0.623437 0.524074 0.019792 0.081481
2 0.370052 0.618056 0.020313 0.091667
2 0.386719 0.563426 0.024479 0.086111
2 0.556250 0.453704 0.025000 0.075926
2 0.578125 0.433796 0.015625 0.071296
2 0.588802 0.448611 0.014063 0.076852
2 0.601302 0.469907 0.017188 0.080556
2 0.639844 0.481019 0.019271 0.089815
2 0.634115 0.434259 0.017188 0.062963
2 0.365885 0.472222 0.017188 0.062963
2 0.404167 0.477778 0.015625 0.077778
2 0.460938 0.420833 0.014583 0.060185
2 0.380208 0.459722 0.016667 0.069444
4 0.215104 0.493056 0.042708 0.073148
2 0.421354 0.425000 0.016667 0.061111
2 0.322396 0.456944 0.019792 0.067593
1 0.430469 0.366204 0.034896 0.045370
1 0.628385 0.353241 0.032813 0.049074
1 0.578906 0.321296 0.028646 0.042593
3 0.485938 0.246296 0.032292 0.051852
1 0.530208 0.287037 0.025000 0.033333
1 0.492969 0.326852 0.025521 0.038889
