0 0.766304 0.270314 0.092995 0.102925
0 0.625000 0.315818 0.073671 0.109426
2 0.778986 0.309317 0.077295 0.094258
2 0.833937 0.303359 0.059179 0.106176
2 0.660628 0.295775 0.062802 0.093174
2 0.684179 0.290899 0.056763 0.098592
2 0.621377 0.389491 0.078502 0.115926
2 0.688406 0.391658 0.065217 0.118093
2 0.351449 0.382990 0.113527 0.107259
2 0.502415 0.327736 0.065217 0.102925
2 0.434179 0.316901 0.073671 0.105092
2 0.309179 0.291983 0.077295 0.096425
1 0.402174 0.250813 0.193237 0.105092
0 0.641304 0.190683 0.103865 0.082340
2 0.300725 0.614301 0.123188 0.132178
2 0.818841 0.417660 0.096618 0.094258
2 0.418478 0.590466 0.090580 0.125677
0 0.444444 0.785482 0.082126 0.160347
2 0.233092 0.826652 0.072464 0.169014
2 0.152778 0.887866 0.083333 0.159263
2 0.532005 0.886241 0.136473 0.125677
2 0.563406 0.794691 0.136473 0.122427
2 0.331522 0.920910 0.148551 0.158180
2 0.365942 0.699350 0.079710 0.109426
1 0.361715 0.152221 0.114734 0.070423
2 0.648551 0.881365 0.113527 0.159263
2 0.634662 0.662514 0.076087 0.100758
2 0.144324 0.767064 0.092995 0.140845
