0 0.460677 0.460185 0.044271 0.112963
1 0.436719 0.785185 0.135937 0.346296
1 0.079948 0.869444 0.158854 0.250000
1 0.186719 0.657407 0.155729 0.261111
1 0.537760 0.506019 0.076563 0.149074
1 0.244531 0.447685 0.094271 0.117593
2 0.221094 0.491204 0.034896 0.063889
2 0.115365 0.640278 0.048438 0.160185
2 0.062240 0.650000 0.047396 0.162963
2 0.090365 0.546296 0.040104 0.109259
2 0.152083 0.506481 0.036458 0.135185
2 0.127604 0.491667 0.025000 0.122222
2 0.580729 0.943056 0.048958 0.113889
2 0.546094 0.851389 0.049479 0.199074
2 0.610417 0.853241 0.046875 0.199074
2 0.670573 0.790741 0.040104 0.198148
2 0.700000 0.916667 0.053125 0.166667
2 0.540625 0.705093 0.042708 0.145370
2 0.609115 0.710185 0.040104 0.157407
2 0.597396 0.588889 0.029167 0.120370
2 0.635417 0.542593 0.030208 0.144444
2 0.673958 0.604630 0.033333 0.151852
2 0.466406 0.585648 0.030729 0.086111
2 0.594271 0.508333 0.029167 0.101852
2 0.646875 0.469907 0.025000 0.091667
2 0.652865 0.405556 0.024479 0.085185
2 0.591927 0.437037 0.025521 0.085185
2 0.605208 0.393981 0.022917 0.089815
2 0.616146 0.365278 0.021875 0.084259
2 0.512240 0.388889 0.026562 0.090741
2 0.548698 0.374074 0.020313 0.090741
2 0.579948 0.356481 0.017188 0.085185
2 0.189844 0.449537 0.022396 0.097222
2 0.220312 0.386111 0.027083 0.081481
2 0.264583 0.371759 0.031250 0.052778
2 0.285938 0.350000 0.022917 0.072222
2 0.310937 0.370370 0.022917 0.074074
2 0.336719 0.342593 0.020313 0.079630
1 0.458073 0.393519 0.054688 0.100000
1 0.474219 0.329630 0.046354 0.081481
2 0.421615 0.313426 0.018229 0.071296
3 0.351042 0.515278 0.167708 0.345370
1 0.615625 0.287500 0.045833 0.089815
1 0.510677 0.269907 0.055729 0.086111
1 0.405990 0.231944 0.034896 0.058333
1 0.440365 0.209722 0.036979 0.065741
1 0.486198 0.190741 0.039062 0.057407
1 0.549479 0.168519 0.031250 0.050000
2 0.657292 0.289815 0.020833 0.077778
1 0.359896 0.291667 0.053125 0.068519
1 0.367708 0.148148 0.031250 0.057407
1 0.415625 0.136111 0.026042 0.042593
1 0.442188 0.111574 0.018750 0.030556
1 0.513281 0.127315 0.036979 0.045370
1 0.232292 0.926389 0.154167 0.147222
