3 0.344271 0.504630 0.175000 0.385185
2 0.495052 0.744444 0.046354 0.190741
2 0.453385 0.649537 0.029687 0.171296
2 0.506250 0.601852 0.030208 0.157407
1 0.577865 0.635648 0.095312 0.225000
1 0.386979 0.849074 0.135417 0.275926
2 0.230729 0.861574 0.067708 0.236111
2 0.078646 0.766204 0.061458 0.180556
2 0.117448 0.662037 0.050521 0.131481
2 0.222917 0.634259 0.046875 0.159259
2 0.182031 0.640741 0.033854 0.153704
2 0.154167 0.567130 0.036458 0.137963
2 0.122917 0.546759 0.036458 0.128704
2 0.680469 0.738426 0.038021 0.182407
1 0.619271 0.485648 0.070833 0.163889
2 0.546354 0.464815 0.025000 0.103704
2 0.505990 0.451389 0.025521 0.080556
1 0.521615 0.358796 0.051562 0.097222
2 0.583073 0.421759 0.028646 0.089815
2 0.596615 0.376389 0.019271 0.075000
2 0.619271 0.350000 0.020833 0.083333
2 0.196094 0.457870 0.032813 0.104630
2 0.248958 0.447222 0.028125 0.112963
2 0.288021 0.385185 0.027083 0.068519
2 0.322396 0.321759 0.015625 0.058333
1 0.465625 0.308796 0.052083 0.104630
2 0.024219 0.674074 0.043229 0.140741
1 0.542448 0.235648 0.039062 0.062037
1 0.545052 0.298611 0.044271 0.078704
1 0.420573 0.250000 0.050521 0.100000
1 0.490625 0.235185 0.045833 0.046296
1 0.500260 0.190741 0.034896 0.040741
1 0.603385 0.180093 0.032813 0.069444
1 0.572656 0.910648 0.138021 0.176852
0 0.241406 0.328241 0.040104 0.069444
3 0.553906 0.137037 0.030729 0.072222
