2 0.293750 0.482176 0.023958 0.098611
2 0.323828 0.471065 0.021094 0.089352
2 0.352995 0.681250 0.035677 0.143981
2 0.414583 0.660417 0.030208 0.141204
3 0.630469 0.494907 0.134375 0.236111
1 0.786849 0.514352 0.090365 0.126852
1 0.760677 0.413194 0.080729 0.090278
1 0.897786 0.659259 0.097135 0.200000
1 0.767188 0.276852 0.045833 0.053704
2 0.836198 0.313426 0.019271 0.053704
2 0.883724 0.311574 0.021094 0.057407
2 0.918359 0.329630 0.022135 0.062037
2 0.947396 0.349074 0.028125 0.069444
1 0.859115 0.234722 0.050000 0.037963
5 0.673698 0.325000 0.061458 0.084259
3 0.573958 0.278009 0.082812 0.136574
1 0.565495 0.355324 0.046615 0.081944
1 0.213151 0.830556 0.135677 0.250000
2 0.457161 0.650231 0.031510 0.128241
2 0.593620 0.692130 0.031510 0.138889
2 0.626302 0.812731 0.036979 0.163426
2 0.683984 0.722685 0.037240 0.141667
2 0.710026 0.831713 0.042448 0.179167
2 0.436589 0.865278 0.035677 0.192593
2 0.483464 0.845833 0.040365 0.192593
2 0.416667 0.525926 0.023438 0.100926
2 0.330078 0.549074 0.022656 0.100926
2 0.364323 0.518519 0.021354 0.096296
2 0.422917 0.459491 0.019271 0.070833
0 0.196875 0.550694 0.071354 0.097685
2 0.333333 0.356944 0.015625 0.065741
2 0.367057 0.378935 0.013281 0.070833
2 0.384375 0.341667 0.013021 0.060185
2 0.354687 0.440972 0.014583 0.071759
4 0.209505 0.477778 0.041406 0.062963
2 0.216927 0.301157 0.022396 0.048611
2 0.238932 0.287269 0.020052 0.049537
2 0.162760 0.303935 0.020833 0.054167
2 0.303906 0.273611 0.015625 0.042593
2 0.402865 0.420370 0.016667 0.081481
0 0.429818 0.408565 0.016406 0.065278
2 0.472005 0.445139 0.016406 0.087500
2 0.511198 0.448611 0.017708 0.079630
2 0.502474 0.480787 0.018490 0.070833
2 0.493490 0.537731 0.023438 0.101389
2 0.515104 0.622917 0.029687 0.135648
1 0.507943 0.301852 0.039323 0.058333
1 0.460807 0.291667 0.029427 0.046296
1 0.452083 0.257176 0.026562 0.023611
1 0.489714 0.261111 0.028385 0.040741
1 0.514714 0.241898 0.033073 0.045833
1 0.469531 0.222685 0.021354 0.025926
1 0.491927 0.224769 0.017188 0.027315
2 0.550911 0.562731 0.021615 0.111574
2 0.542188 0.482639 0.021875 0.063426
2 0.508464 0.390509 0.014844 0.047685
2 0.436979 0.352778 0.019271 0.049074
2 0.423568 0.304861 0.012240 0.046759
2 0.400130 0.313657 0.009115 0.037500
2 0.347266 0.315741 0.009115 0.033333
2 0.391406 0.592824 0.020833 0.133796
2 0.455990 0.411111 0.015625 0.048148
2 0.496875 0.354861 0.013542 0.053241
2 0.516016 0.352315 0.014844 0.054630
1 0.448828 0.223611 0.016927 0.020370
1 0.469531 0.221528 0.019792 0.024537
3 0.505729 0.191435 0.029687 0.032870
2 0.369531 0.310185 0.013021 0.050926
2 0.358724 0.270602 0.009635 0.039352
2 0.456641 0.343519 0.013281 0.051852
2 0.536068 0.392361 0.013802 0.053241
