2 0.536836 0.394172 0.112319 0.141104
2 0.664251 0.356595 0.108696 0.133436
2 0.376208 0.360429 0.100242 0.138037
2 0.515097 0.284509 0.085749 0.108896
0 0.750604 0.246166 0.071256 0.115031
2 0.631643 0.214724 0.084541 0.113497
2 0.805556 0.461656 0.079710 0.156442
2 0.760870 0.420245 0.053140 0.150307
2 0.821860 0.302914 0.092995 0.145706
2 0.894324 0.264571 0.064010 0.139571
2 0.400362 0.246933 0.076087 0.092025
0 0.492150 0.761503 0.119565 0.182515
2 0.484300 0.851994 0.077295 0.203988
2 0.363527 0.865031 0.140097 0.199387
2 0.414251 0.721626 0.108696 0.179448
1 0.342995 0.209356 0.181159 0.118098
3 0.415459 0.115031 0.282609 0.211656
2 0.256643 0.237730 0.051932 0.128834
2 0.305556 0.701687 0.130435 0.170245
2 0.285628 0.835890 0.100242 0.184049
2 0.191425 0.915644 0.172705 0.168712
2 0.541667 0.638804 0.061594 0.173313
