1 0.901953 0.837037 0.187760 0.297222
2 0.421484 0.784259 0.038281 0.186111
2 0.309505 0.796991 0.036198 0.194907
2 0.322396 0.592361 0.028125 0.141204
2 0.357161 0.627778 0.027344 0.146296
2 0.427344 0.623843 0.032292 0.129167
2 0.742318 0.684491 0.031510 0.152315
2 0.791536 0.638657 0.031510 0.133796
2 0.488932 0.846296 0.046094 0.193519
2 0.471484 0.941898 0.042448 0.109722
2 0.551302 0.931713 0.047396 0.125463
2 0.551042 0.798148 0.041146 0.153704
3 0.600651 0.586343 0.129427 0.287500
2 0.915625 0.416204 0.050521 0.088889
2 0.883333 0.559954 0.030208 0.120833
2 0.919401 0.598380 0.032031 0.136574
2 0.980339 0.309028 0.021094 0.059722
2 0.911849 0.270833 0.025260 0.053704
4 0.238281 0.413889 0.018750 0.079630
2 0.152604 0.396065 0.036458 0.072685
2 0.216667 0.373843 0.026042 0.073611
2 0.380990 0.558333 0.026042 0.131481
2 0.350260 0.500694 0.025000 0.093981
2 0.346224 0.404167 0.017448 0.082407
2 0.450651 0.587731 0.025260 0.133796
2 0.416276 0.533102 0.020573 0.081019
2 0.477344 0.528241 0.025521 0.125926
1 0.516146 0.455556 0.042188 0.110185
2 0.702474 0.578704 0.024219 0.146296
2 0.682552 0.604861 0.018750 0.149537
2 0.702995 0.457407 0.019531 0.101852
2 0.725911 0.475694 0.019531 0.106944
2 0.746745 0.481944 0.016927 0.064815
2 0.770182 0.461343 0.020573 0.086574
2 0.786328 0.455787 0.016406 0.102315
3 0.354167 0.302546 0.063542 0.134722
0 0.309375 0.337731 0.019271 0.063426
2 0.436979 0.464120 0.019271 0.094907
2 0.401172 0.454398 0.017448 0.074537
2 0.364714 0.453009 0.018490 0.093981
2 0.446354 0.357407 0.013542 0.066667
2 0.421745 0.427315 0.014323 0.075926
2 0.405599 0.388889 0.016406 0.071296
2 0.376953 0.396296 0.015885 0.075000
1 0.697266 0.391898 0.067448 0.087500
1 0.643620 0.288426 0.044531 0.044444
1 0.689844 0.315046 0.044792 0.042130
1 0.766667 0.377546 0.076042 0.107870
1 0.717057 0.339583 0.031510 0.055093
1 0.615885 0.340972 0.047396 0.068056
1 0.577604 0.293287 0.038542 0.054167
1 0.597917 0.272685 0.035417 0.050000
1 0.687760 0.221296 0.035417 0.044444
1 0.686068 0.178935 0.022135 0.031944
1 0.509375 0.282870 0.033333 0.034259
1 0.554297 0.221759 0.027865 0.034259
1 0.580859 0.239815 0.031510 0.041667
1 0.535286 0.323380 0.035677 0.054167
1 0.519401 0.373843 0.045052 0.060648
2 0.482812 0.413426 0.017708 0.082407
2 0.465365 0.381250 0.011979 0.052315
2 0.420182 0.321065 0.008594 0.059722
2 0.411589 0.315509 0.012240 0.059722
2 0.473698 0.318056 0.011979 0.052778
2 0.424349 0.159722 0.007552 0.029630
2 0.358073 0.176620 0.009896 0.029167
2 0.337370 0.166435 0.008073 0.028241
2 0.401953 0.177083 0.008073 0.030093
2 0.479427 0.203935 0.010937 0.029167
2 0.426953 0.192130 0.010677 0.031481
2 0.510026 0.235417 0.008594 0.035648
2 0.828255 0.497222 0.026302 0.111111
2 0.815885 0.505787 0.022917 0.074537
1 0.785417 0.570370 0.091146 0.120370
2 0.658724 0.333102 0.011198 0.058796
1 0.445703 0.169444 0.018490 0.029630
1 0.545443 0.256713 0.028385 0.032870
2 0.639062 0.180324 0.008333 0.030093
1 0.686458 0.179167 0.021354 0.029630
1 0.873828 0.243287 0.038802 0.044907
2 0.452474 0.493287 0.018490 0.094907
1 0.323307 0.196991 0.025260 0.027315
1 0.291146 0.165046 0.015625 0.022685
