5 0.629878 0.651643 0.091463 0.182927
5 0.665244 0.530302 0.064634 0.110975
5 0.831098 0.737009 0.167073 0.156097
5 0.808537 0.544936 0.073171 0.113415
5 0.900610 0.446156 0.069512 0.062195
5 0.729878 0.480912 0.054878 0.056098
5 0.779878 0.458351 0.064634 0.057317
5 0.834756 0.435790 0.064634 0.063414
1 0.904878 0.620546 0.097561 0.130488
1 0.739634 0.622985 0.067073 0.093902
3 0.366463 0.458351 0.084146 0.067073
3 0.460366 0.420546 0.079268 0.064634
5 0.562195 0.384571 0.051220 0.048780
5 0.676220 0.368717 0.076829 0.034147
5 0.778049 0.377253 0.063415 0.036585
5 0.295732 0.412619 0.089024 0.039025
1 0.223171 0.527863 0.078049 0.074390
5 0.514024 0.406522 0.040244 0.046341
1 0.048780 0.304082 0.034146 0.029269
1 0.079268 0.304692 0.026829 0.023170
5 0.601220 0.376034 0.041463 0.034147
1 0.976220 0.493107 0.047561 0.046341
1 0.978659 0.570546 0.042683 0.069512
5 0.938415 0.436400 0.035366 0.054878
5 0.435976 0.378473 0.047561 0.029269
5 0.491463 0.375424 0.043902 0.025610
3 0.212195 0.463229 0.068293 0.054878
2 0.282317 0.465668 0.032927 0.037805
5 0.853049 0.392497 0.059756 0.030488
